SLS dynamic False
SLS degree 0.5
AP position [0, 0, 0.0]
AP sectors 12
Mob sectors: 4
Sls slots: 3


Mobile stations: 10
Avg max intervals taken to connect all mobile stations: 5.99
Avg max time before connection:  510.97600000000006
Average station time taken to connect: 258.97016841774547
Avg connection times: [122.88057076363638, 133.12060427636365, 133.12060427636365, 143.36053725090912, 143.3605707636364, 153.60050373818183, 153.60050373818186, 153.60060427636364, 153.60063778909094, 163.8405372509091, 163.84057076363635, 163.84057076363638, 174.08047022545458, 174.08053725090912, 184.32050373818186, 184.3205372509091, 184.32063778909094, 184.32063778909094, 184.32063778909094, 184.3206713018182, 194.5604702254546, 194.5604702254546, 194.5605372509091, 194.5605372509091, 194.56060427636368, 194.56060427636368, 204.80050373818185, 204.80057076363636, 204.8006377890909, 204.80063778909093, 215.04047022545456, 215.04053725090907, 215.04053725090913, 215.04057076363637, 215.0406377890909, 225.28050373818184, 225.28050373818184, 225.28053725090905, 225.28053725090908, 225.28060427636365, 225.28060427636365, 235.52050373818184, 235.52050373818184, 235.5205372509091, 235.52057076363636, 235.52057076363639, 235.52060427636366, 235.52063778909093, 245.7605372509091, 245.76053725090915, 245.7605707636363, 245.76057076363637, 245.76060427636367, 245.76060427636367, 256.0006713018182, 266.2404367127273, 266.2405037381818, 266.2405372509091, 266.24057076363636, 266.24057076363636, 266.2406042763636, 276.48057076363636, 276.48060427636364, 276.48063778909096, 276.4806713018181, 276.4806713018182, 286.72047022545456, 286.72050373818183, 286.7205372509091, 286.7205372509091, 286.7205707636364, 286.7206042763636, 286.72060427636364, 286.72063778909086, 296.96053725090906, 296.9605707636363, 307.20050373818174, 307.20053725090906, 307.20067130181815, 317.44047022545453, 317.4405707636364, 317.4406042763636, 317.4406713018182, 327.6805037381818, 327.68060427636357, 337.9205372509091, 337.92057076363636, 358.4005707636364, 358.40063778909087, 368.6405037381818, 368.6406377890909, 378.8805707636363, 378.8806042763636, 378.88060427636367, 440.32057076363634, 450.5605372509091, 481.28053725090905, 491.52050373818173, 512.0005707636362, 512.0007048145453]
Max connection times: [307.2005707636364, 307.2005707636364, 307.20090589090916, 307.20090589090916, 307.20090589090916, 307.20090589090916, 307.20090589090916, 307.20090589090916, 307.20090589090916, 409.60023563636366, 409.60023563636366, 409.60023563636366, 409.60057076363637, 409.60057076363637, 409.60057076363637, 409.60057076363637, 409.60057076363637, 409.60057076363637, 409.60057076363637, 409.60057076363637, 409.60057076363637, 409.60057076363637, 409.60057076363637, 409.60057076363637, 409.60057076363637, 409.60057076363637, 409.60057076363637, 409.60057076363637, 409.60090589090913, 409.60090589090913, 409.60090589090913, 409.60090589090913, 409.60090589090913, 409.60090589090913, 409.60090589090913, 409.60090589090913, 409.60090589090913, 409.60090589090913, 512.0002356363635, 512.0002356363635, 512.0005707636362, 512.0005707636362, 512.0005707636362, 512.0005707636362, 512.0005707636362, 512.0005707636362, 512.0005707636362, 512.0005707636362, 512.0005707636362, 512.0005707636362, 512.0005707636362, 512.0005707636362, 512.0005707636362, 512.0005707636362, 512.0005707636362, 512.0009058909089, 512.0009058909089, 512.0009058909089, 512.0009058909089, 512.0009058909089, 512.0009058909089, 512.0009058909089, 512.0009058909089, 512.0009058909089, 512.0009058909089, 512.0009058909089, 512.0009058909089, 512.0009058909089, 512.0009058909089, 614.4002356363635, 614.4002356363635, 614.4002356363635, 614.4002356363635, 614.4005707636362, 614.4005707636362, 614.4005707636362, 614.4005707636362, 614.4005707636362, 614.4005707636362, 614.4005707636362, 614.4009058909089, 614.4009058909089, 614.4009058909089, 614.4009058909089, 614.4009058909089, 614.4009058909089, 614.4009058909089, 614.4009058909089, 614.4009058909089, 614.4009058909089, 716.8005707636362, 716.8005707636362, 716.8005707636362, 716.8009058909089, 716.8009058909089, 716.8009058909089, 819.2009058909089, 819.2009058909089, 819.2009058909089, 921.6009058909088]
SLS slots avg sum: 17.97
SLS slots avg sum time: 0.006022237090909091
SLS slots avg history: [3.0, 3.0, 3.0, 3.0, 3.0, 3.0, 3.0, 3.0, 3.0, 3.0]
