SLS dynamic True
SLS degree 0.5
AP position [0, 0, 0.0]
AP sectors 12
Mob sectors: 4
Sls slots: 3


Mobile stations: 10
Avg max intervals taken to connect all mobile stations: 3.57
Avg max time before connection:  263.168
Average station time taken to connect: 127.79687132160007
Avg connection times: [71.68114048000001, 71.68130804363639, 71.68150912000002, 81.92171019636366, 81.92204532363638, 81.92211234909092, 81.92217937454545, 81.92224639999999, 81.9222464, 81.92231342545455, 81.9223804509091, 81.92264855272728, 92.16103994181819, 92.16117399272729, 92.16117399272729, 92.16124101818184, 92.16127453090911, 92.16160965818185, 92.16174370909093, 92.1617772218182, 92.16187776000002, 92.1620118109091, 92.16204532363638, 92.16204532363638, 92.16234693818184, 92.16254801454546, 102.4010399418182, 102.40110696727274, 102.40114048000002, 102.40144209454547, 102.40171019636367, 102.40177722181821, 102.40184424727276, 102.40207883636367, 102.40211234909093, 102.40241396363638, 102.4025145018182, 102.40254801454549, 112.64097291636367, 112.64114048000003, 112.64117399272727, 112.64154263272731, 112.64174370909093, 112.64197829818184, 112.64207883636365, 112.64224640000002, 112.64224640000002, 112.64227991272728, 112.64264855272727, 112.64308421818184, 122.88100642909095, 122.88100642909095, 122.8810399418182, 122.88120750545458, 122.88130804363638, 122.88171019636366, 122.88187776000004, 133.1209058909091, 133.12107345454547, 133.12117399272728, 133.1213415563637, 133.12144209454544, 133.12197829818183, 133.12258152727276, 143.36100642909093, 143.3610399418182, 143.36127453090913, 143.36134155636367, 143.36150912000002, 143.3617772218182, 143.36177722181822, 143.36177722181822, 143.36184424727276, 143.36217937454546, 153.60100642909092, 153.60120750545457, 153.60137506909095, 153.60217937454547, 153.60227991272728, 163.84110696727276, 163.84114048, 163.8414085818182, 163.84191127272732, 163.84201181090913, 174.08140858181824, 174.08147560727275, 174.08150912000002, 174.08150912000002, 174.0815426327273, 174.08171019636367, 174.08204532363638, 184.3208053527273, 184.32160965818187, 184.32191127272728, 194.5608053527273, 194.56107345454544, 215.0423469381818, 225.28211234909094, 235.52087237818176, 307.20097291636364]
Max connection times: [102.40291665454546, 102.40291665454546, 102.40291665454546, 102.40358690909092, 102.40459229090911, 102.40459229090911, 102.40492741818183, 102.40492741818183, 102.40492741818183, 102.40526254545456, 102.40526254545456, 102.40526254545456, 102.40526254545456, 204.80023563636368, 204.80023563636368, 204.80023563636368, 204.80023563636368, 204.80023563636368, 204.80023563636368, 204.80023563636368, 204.80057076363641, 204.80057076363641, 204.80057076363641, 204.80057076363641, 204.80057076363641, 204.80057076363641, 204.80057076363641, 204.80057076363641, 204.80057076363641, 204.80090589090915, 204.80090589090915, 204.80090589090915, 204.80090589090915, 204.80090589090915, 204.80090589090915, 204.80090589090915, 204.80090589090915, 204.80090589090915, 204.80090589090915, 204.80090589090915, 204.80090589090915, 204.80090589090915, 204.80090589090915, 204.80090589090915, 204.80090589090915, 204.80090589090915, 204.80090589090915, 204.80124101818186, 204.8015761454546, 204.8029166545455, 307.2002356363637, 307.2005707636364, 307.2005707636364, 307.2005707636364, 307.2005707636364, 307.2005707636364, 307.2005707636364, 307.2005707636364, 307.2005707636364, 307.2005707636364, 307.2005707636364, 307.2005707636364, 307.2005707636364, 307.20090589090916, 307.20090589090916, 307.20090589090916, 307.20090589090916, 307.20090589090916, 307.20090589090916, 307.20090589090916, 307.20090589090916, 307.20090589090916, 307.20090589090916, 307.20124101818186, 307.20124101818186, 307.20124101818186, 307.2015761454546, 307.2015761454546, 307.2015761454546, 307.2015761454546, 307.2015761454546, 307.2015761454546, 307.2015761454546, 307.20224640000004, 307.20224640000004, 307.2025815272728, 307.2029166545455, 307.2029166545455, 409.60023563636366, 409.60057076363637, 409.60057076363637, 409.60057076363637, 409.60057076363637, 409.60090589090913, 409.60090589090913, 409.60090589090913, 512.0009058909089, 614.4005707636362, 614.4009058909089, 716.8009058909089]
SLS slots avg sum: 22.7
SLS slots avg sum time: 0.007607389090909091
SLS slots avg history: [3.0, 13.57, 3.7, 3.7, 3.02, 3.0, 3.0, 3.0]

