AP position [0, 0, 0.0]
AP sectors 12
Mob sectors: 4
Sls slots: 10


Mobile stations: 1
Avg max intervals taken to connect all mobile stations: 1.0 , time:  102.4
Average station time taken to connect: 0.0005416494545454546
Avg connection times: [0.00023563636363636362, 0.00023563636363636362, 0.00023563636363636362, 0.00029847272727272727, 0.00029847272727272727, 0.00029847272727272727, 0.00029847272727272727, 0.00029847272727272727, 0.00029847272727272727, 0.00029847272727272727, 0.00029847272727272727, 0.00029847272727272727, 0.00029847272727272727, 0.00029847272727272727, 0.00029847272727272727, 0.0003613090909090909, 0.0003613090909090909, 0.0003613090909090909, 0.0003613090909090909, 0.0003613090909090909, 0.0003613090909090909, 0.0003613090909090909, 0.0003613090909090909, 0.0004241454545454545, 0.0004241454545454545, 0.0004241454545454545, 0.0004241454545454545, 0.0004241454545454545, 0.0004241454545454545, 0.0004241454545454545, 0.0004241454545454545, 0.0004241454545454545, 0.0004869818181818182, 0.0004869818181818182, 0.0004869818181818182, 0.0004869818181818182, 0.0004869818181818182, 0.0004869818181818182, 0.0004869818181818182, 0.0004869818181818182, 0.0004869818181818182, 0.0004869818181818182, 0.0004869818181818182, 0.0004869818181818182, 0.0004869818181818182, 0.0005498181818181818, 0.0005498181818181818, 0.0005498181818181818, 0.0005498181818181818, 0.0005498181818181818, 0.0005498181818181818, 0.0005498181818181818, 0.0005498181818181818, 0.0005498181818181818, 0.0006126545454545455, 0.0006126545454545455, 0.0006126545454545455, 0.0006126545454545455, 0.0006126545454545455, 0.0006126545454545455, 0.0006126545454545455, 0.0006126545454545455, 0.0006126545454545455, 0.0006126545454545455, 0.0006126545454545455, 0.0006126545454545455, 0.0006126545454545455, 0.0006126545454545455, 0.0006754909090909092, 0.0006754909090909092, 0.0006754909090909092, 0.0006754909090909092, 0.0006754909090909092, 0.0006754909090909092, 0.0006754909090909092, 0.0006754909090909092, 0.0006754909090909092, 0.0006754909090909092, 0.0006754909090909092, 0.0006754909090909092, 0.0006754909090909092, 0.0007383272727272727, 0.0007383272727272727, 0.0007383272727272727, 0.0007383272727272727, 0.0007383272727272727, 0.0007383272727272727, 0.0007383272727272727, 0.0007383272727272727, 0.0007383272727272727, 0.0007383272727272727, 0.0007383272727272727, 0.0008011636363636364, 0.0008011636363636364, 0.0008011636363636364, 0.0008011636363636364, 0.0008011636363636364, 0.0008011636363636364, 0.0008011636363636364, 0.0008011636363636364]
Max connection times: [0.00023563636363636362, 0.00023563636363636362, 0.00023563636363636362, 0.00029847272727272727, 0.00029847272727272727, 0.00029847272727272727, 0.00029847272727272727, 0.00029847272727272727, 0.00029847272727272727, 0.00029847272727272727, 0.00029847272727272727, 0.00029847272727272727, 0.00029847272727272727, 0.00029847272727272727, 0.00029847272727272727, 0.0003613090909090909, 0.0003613090909090909, 0.0003613090909090909, 0.0003613090909090909, 0.0003613090909090909, 0.0003613090909090909, 0.0003613090909090909, 0.0003613090909090909, 0.0004241454545454545, 0.0004241454545454545, 0.0004241454545454545, 0.0004241454545454545, 0.0004241454545454545, 0.0004241454545454545, 0.0004241454545454545, 0.0004241454545454545, 0.0004241454545454545, 0.0004869818181818182, 0.0004869818181818182, 0.0004869818181818182, 0.0004869818181818182, 0.0004869818181818182, 0.0004869818181818182, 0.0004869818181818182, 0.0004869818181818182, 0.0004869818181818182, 0.0004869818181818182, 0.0004869818181818182, 0.0004869818181818182, 0.0004869818181818182, 0.0005498181818181818, 0.0005498181818181818, 0.0005498181818181818, 0.0005498181818181818, 0.0005498181818181818, 0.0005498181818181818, 0.0005498181818181818, 0.0005498181818181818, 0.0005498181818181818, 0.0006126545454545455, 0.0006126545454545455, 0.0006126545454545455, 0.0006126545454545455, 0.0006126545454545455, 0.0006126545454545455, 0.0006126545454545455, 0.0006126545454545455, 0.0006126545454545455, 0.0006126545454545455, 0.0006126545454545455, 0.0006126545454545455, 0.0006126545454545455, 0.0006126545454545455, 0.0006754909090909092, 0.0006754909090909092, 0.0006754909090909092, 0.0006754909090909092, 0.0006754909090909092, 0.0006754909090909092, 0.0006754909090909092, 0.0006754909090909092, 0.0006754909090909092, 0.0006754909090909092, 0.0006754909090909092, 0.0006754909090909092, 0.0006754909090909092, 0.0007383272727272727, 0.0007383272727272727, 0.0007383272727272727, 0.0007383272727272727, 0.0007383272727272727, 0.0007383272727272727, 0.0007383272727272727, 0.0007383272727272727, 0.0007383272727272727, 0.0007383272727272727, 0.0007383272727272727, 0.0008011636363636364, 0.0008011636363636364, 0.0008011636363636364, 0.0008011636363636364, 0.0008011636363636364, 0.0008011636363636364, 0.0008011636363636364, 0.0008011636363636364]


Mobile stations: 2
Avg max intervals taken to connect all mobile stations: 1.11 , time:  113.66400000000002
Average station time taken to connect: 7.680538193454545
Avg connection times: [0.00026705454545454543, 0.00026705454545454543, 0.00029847272727272727, 0.00029847272727272727, 0.0003298909090909091, 0.0003613090909090909, 0.0003927272727272727, 0.0003927272727272727, 0.0003927272727272727, 0.0003927272727272727, 0.00039272727272727273, 0.00039272727272727273, 0.00039272727272727273, 0.00042414545454545457, 0.00042414545454545457, 0.00042414545454545457, 0.00042414545454545457, 0.00042414545454545457, 0.00042414545454545457, 0.00042414545454545457, 0.00042414545454545457, 0.00045556363636363635, 0.00045556363636363635, 0.00045556363636363635, 0.00045556363636363635, 0.00045556363636363635, 0.00045556363636363635, 0.0004555636363636364, 0.0004555636363636364, 0.00048698181818181813, 0.0004869818181818182, 0.0004869818181818182, 0.00048698181818181824, 0.0005184, 0.0005184, 0.0005184, 0.0005184, 0.0005184, 0.0005184, 0.0005184, 0.0005184, 0.0005184, 0.0005184, 0.0005498181818181818, 0.0005498181818181818, 0.0005498181818181818, 0.0005498181818181818, 0.0005498181818181818, 0.0005498181818181818, 0.0005498181818181818, 0.0005498181818181818, 0.0005812363636363636, 0.0005812363636363636, 0.0005812363636363636, 0.0005812363636363636, 0.0005812363636363636, 0.0005812363636363636, 0.0005812363636363636, 0.0005812363636363636, 0.0005812363636363636, 0.0005812363636363636, 0.0005812363636363636, 0.0005812363636363637, 0.0006126545454545455, 0.0006126545454545455, 0.0006126545454545455, 0.0006126545454545455, 0.0006126545454545455, 0.0006126545454545455, 0.0006440727272727273, 0.0006440727272727273, 0.0006440727272727273, 0.0006440727272727273, 0.0006440727272727273, 0.0006440727272727273, 0.0006440727272727274, 0.000675490909090909, 0.000675490909090909, 0.0007069090909090909, 0.0007069090909090909, 0.0007069090909090909, 0.0007069090909090909, 0.0007383272727272728, 0.0007383272727272728, 0.0007383272727272728, 0.0007383272727272728, 0.0007697454545454545, 0.0007697454545454545, 0.0007697454545454545, 51.200361309090916, 51.200392727272735, 51.200424145454555, 51.20048698181819, 51.20064407272728, 51.20067549090909, 51.20073832727273, 102.40042414545456, 102.40054981818182, 102.4006754909091, 102.40070690909091]
Max connection times: [0.00029847272727272727, 0.00029847272727272727, 0.0003613090909090909, 0.0003613090909090909, 0.0003613090909090909, 0.0004241454545454545, 0.0004241454545454545, 0.0004241454545454545, 0.0004241454545454545, 0.0004869818181818182, 0.0004869818181818182, 0.0004869818181818182, 0.0004869818181818182, 0.0004869818181818182, 0.0004869818181818182, 0.0004869818181818182, 0.0005498181818181818, 0.0005498181818181818, 0.0005498181818181818, 0.0005498181818181818, 0.0005498181818181818, 0.0005498181818181818, 0.0005498181818181818, 0.0005498181818181818, 0.0005498181818181818, 0.0005498181818181818, 0.0005498181818181818, 0.0006126545454545455, 0.0006126545454545455, 0.0006126545454545455, 0.0006126545454545455, 0.0006126545454545455, 0.0006126545454545455, 0.0006126545454545455, 0.0006126545454545455, 0.0006126545454545455, 0.0006126545454545455, 0.0006126545454545455, 0.0006126545454545455, 0.0006126545454545455, 0.0006126545454545455, 0.0006126545454545455, 0.0006126545454545455, 0.0006754909090909092, 0.0006754909090909092, 0.0006754909090909092, 0.0006754909090909092, 0.0006754909090909092, 0.0006754909090909092, 0.0006754909090909092, 0.0006754909090909092, 0.0006754909090909092, 0.0006754909090909092, 0.0006754909090909092, 0.0007383272727272727, 0.0007383272727272727, 0.0007383272727272727, 0.0007383272727272727, 0.0007383272727272727, 0.0007383272727272727, 0.0007383272727272727, 0.0007383272727272727, 0.0007383272727272727, 0.0008011636363636364, 0.0008011636363636364, 0.0008011636363636364, 0.0008011636363636364, 0.0008011636363636364, 0.0008011636363636364, 0.0008011636363636364, 0.0008011636363636364, 0.0008011636363636364, 0.0008011636363636364, 0.0008011636363636364, 0.0008011636363636364, 0.0008011636363636364, 0.0008011636363636364, 0.0008011636363636364, 0.0008011636363636364, 0.0008011636363636364, 0.0008011636363636364, 0.0008011636363636364, 0.0008011636363636364, 0.0008011636363636364, 0.0008011636363636364, 0.0008011636363636364, 0.0008011636363636364, 0.0008011636363636364, 0.0008011636363636364, 102.40023563636365, 102.40036130909093, 102.40048698181819, 102.40048698181819, 102.40054981818183, 102.40054981818183, 102.4006754909091, 102.4006754909091, 102.4006754909091, 102.40073832727273, 102.40073832727273]


Mobile stations: 4
Avg max intervals taken to connect all mobile stations: 1.53 , time:  156.67200000000003
Average station time taken to connect: 19.20052091345455
Avg connection times: [0.0003613090909090909, 0.0003770181818181818, 0.00037701818181818184, 0.0003927272727272727, 0.0004084363636363636, 0.00042414545454545457, 0.00042414545454545457, 0.00042414545454545457, 0.00042414545454545457, 0.00042414545454545457, 0.00045556363636363635, 0.00045556363636363635, 0.00045556363636363635, 0.00045556363636363635, 0.00045556363636363635, 0.0004712727272727273, 0.0004712727272727273, 0.00048698181818181813, 0.00048698181818181824, 0.0005026909090909091, 0.0005026909090909091, 0.0005026909090909091, 0.0005026909090909091, 0.0005184, 0.0005184, 0.0005184, 0.0005184, 0.0005341090909090909, 0.0005341090909090909, 0.0005341090909090909, 0.0005341090909090909, 0.0005341090909090909, 0.0005498181818181818, 0.0005498181818181818, 0.0005498181818181818, 0.0005498181818181818, 0.0005655272727272728, 0.0005655272727272728, 0.0005655272727272728, 0.0005655272727272728, 0.0005812363636363636, 0.0005812363636363636, 0.0005812363636363636, 0.0005812363636363636, 0.0005969454545454545, 0.0006126545454545455, 0.0006126545454545455, 0.0006283636363636363, 0.0006597818181818182, 0.0006597818181818182, 0.0006754909090909092, 25.600361309090914, 25.600424145454546, 25.60042414545455, 25.60042414545455, 25.600439854545456, 25.600455563636366, 25.600455563636366, 25.600455563636366, 25.600471272727276, 25.600471272727276, 25.600486981818182, 25.600486981818186, 25.600486981818186, 25.600502690909092, 25.600502690909096, 25.600518400000002, 25.600534109090912, 25.600534109090912, 25.600549818181822, 25.60056552727273, 25.60056552727273, 25.600581236363638, 25.600581236363638, 25.600581236363638, 25.600596945454548, 25.600596945454548, 25.600596945454548, 25.600612654545458, 25.600628363636364, 25.600628363636364, 25.600644072727274, 25.600644072727274, 25.600644072727274, 25.600644072727277, 51.200408436363645, 51.20042414545455, 51.20043985454546, 51.20047127272727, 51.20047127272728, 51.20048698181819, 51.20051840000001, 51.20053410909091, 51.20056552727273, 51.20065978181819, 76.80062836363636, 102.40051840000002, 102.40054981818184, 102.40056552727275, 153.60053410909092]
Max connection times: [0.0004869818181818182, 0.0004869818181818182, 0.0005498181818181818, 0.0006126545454545455, 0.0006126545454545455, 0.0006126545454545455, 0.0006126545454545455, 0.0006126545454545455, 0.0006754909090909092, 0.0006754909090909092, 0.0006754909090909092, 0.0006754909090909092, 0.0006754909090909092, 0.0006754909090909092, 0.0007383272727272727, 0.0007383272727272727, 0.0007383272727272727, 0.0007383272727272727, 0.0007383272727272727, 0.0007383272727272727, 0.0007383272727272727, 0.0007383272727272727, 0.0007383272727272727, 0.0007383272727272727, 0.0007383272727272727, 0.0007383272727272727, 0.0007383272727272727, 0.0008011636363636364, 0.0008011636363636364, 0.0008011636363636364, 0.0008011636363636364, 0.0008011636363636364, 0.0008011636363636364, 0.0008011636363636364, 0.0008011636363636364, 0.0008011636363636364, 0.0008011636363636364, 0.0008011636363636364, 0.0008011636363636364, 0.0008011636363636364, 0.0008011636363636364, 0.0008011636363636364, 0.0008011636363636364, 0.0008011636363636364, 0.0008011636363636364, 0.0008011636363636364, 0.0008011636363636364, 0.0008011636363636364, 0.0008011636363636364, 0.0008011636363636364, 0.0008011636363636364, 102.40023563636365, 102.40023563636365, 102.40023563636365, 102.40029847272729, 102.40029847272729, 102.40029847272729, 102.40029847272729, 102.40029847272729, 102.40029847272729, 102.40036130909093, 102.40036130909093, 102.40036130909093, 102.40042414545455, 102.40042414545455, 102.40048698181819, 102.40048698181819, 102.40048698181819, 102.40048698181819, 102.40048698181819, 102.40054981818183, 102.40054981818183, 102.40054981818183, 102.40054981818183, 102.40054981818183, 102.40061265454547, 102.40061265454547, 102.40061265454547, 102.40061265454547, 102.4006754909091, 102.4006754909091, 102.4006754909091, 102.4006754909091, 102.40073832727273, 102.40073832727273, 102.40073832727273, 102.40073832727273, 102.40073832727273, 102.40073832727273, 102.40073832727273, 102.40080116363637, 102.40080116363637, 102.40080116363637, 102.40080116363637, 102.40080116363637, 102.40080116363637, 204.8004241454546, 204.8006126545455, 204.80073832727277, 204.8008011636364]


Mobile stations: 6
Avg max intervals taken to connect all mobile stations: 1.87 , time:  191.48800000000003
Average station time taken to connect: 27.136528663272728
Avg connection times: [0.00046603636363636366, 0.0004765090909090909, 0.0004765090909090909, 0.0004869818181818182, 0.0004974545454545455, 0.0005079272727272728, 0.0005079272727272728, 0.0005184, 0.0005184, 0.0005288727272727273, 0.0005288727272727273, 0.0005288727272727273, 0.0005498181818181818, 0.0005498181818181818, 0.0005498181818181818, 0.0005602909090909091, 0.0005707636363636363, 0.0005812363636363637, 0.0005917090909090909, 17.067069866666667, 17.067101284848487, 17.067101284848487, 17.06711175757576, 17.06712223030303, 17.067132703030307, 17.067143175757575, 17.067143175757575, 17.06714317575758, 17.06715364848485, 17.067164121212123, 17.067164121212123, 17.067174593939395, 17.067185066666667, 17.06718506666667, 17.06719553939394, 17.067195539393943, 17.067206012121215, 17.067206012121215, 17.067216484848487, 17.067216484848487, 17.067216484848487, 17.067216484848487, 17.06722695757576, 17.06722695757576, 17.06722695757576, 17.06722695757576, 17.067237430303035, 17.067247903030303, 17.06725837575758, 17.06726884848485, 17.06726884848485, 17.067279321212123, 17.067300266666667, 34.133726060606065, 34.13374700606061, 34.133757478787885, 34.13376795151515, 34.13376795151515, 34.13380984242425, 34.13382031515152, 34.13383078787879, 34.13384126060606, 34.13385173333334, 34.13385173333334, 34.133862206060606, 34.133862206060606, 34.13387267878788, 34.13387267878788, 34.13387267878788, 34.13388315151516, 34.1339040969697, 34.1339040969697, 34.13391456969697, 34.13391456969697, 34.13391456969697, 34.133925042424245, 34.13394598787879, 34.133956460606065, 34.133956460606065, 34.133956460606065, 34.13398787878788, 51.200424145454555, 51.20046603636364, 51.20049745454546, 51.200507927272724, 51.200507927272724, 51.2005184, 51.20054981818183, 51.200560290909095, 51.20057076363637, 51.20064407272728, 68.26709081212122, 68.26716412121213, 68.26722695757576, 68.26722695757576, 68.26727932121213, 68.2673316848485, 85.33378889696972, 85.33380984242426, 85.33389362424244]
Max connection times: [0.0006754909090909092, 0.0006754909090909092, 0.0007383272727272727, 0.0007383272727272727, 0.0007383272727272727, 0.0007383272727272727, 0.0008011636363636364, 0.0008011636363636364, 0.0008011636363636364, 0.0008011636363636364, 0.0008011636363636364, 0.0008011636363636364, 0.0008011636363636364, 0.0008011636363636364, 0.0008011636363636364, 0.0008011636363636364, 0.0008011636363636364, 0.0008011636363636364, 0.0008011636363636364, 102.40023563636365, 102.40023563636365, 102.40023563636365, 102.40023563636365, 102.40023563636365, 102.40029847272729, 102.40029847272729, 102.40029847272729, 102.40036130909093, 102.40036130909093, 102.40036130909093, 102.40036130909093, 102.40036130909093, 102.40042414545455, 102.40042414545455, 102.40042414545455, 102.40042414545455, 102.40042414545455, 102.40048698181819, 102.40048698181819, 102.40048698181819, 102.40048698181819, 102.40048698181819, 102.40048698181819, 102.40048698181819, 102.40048698181819, 102.40048698181819, 102.40054981818183, 102.40054981818183, 102.40054981818183, 102.40054981818183, 102.40054981818183, 102.40054981818183, 102.40061265454547, 102.40061265454547, 102.40061265454547, 102.40061265454547, 102.40061265454547, 102.40061265454547, 102.40061265454547, 102.40061265454547, 102.4006754909091, 102.4006754909091, 102.4006754909091, 102.4006754909091, 102.4006754909091, 102.4006754909091, 102.4006754909091, 102.4006754909091, 102.4006754909091, 102.4006754909091, 102.40073832727273, 102.40073832727273, 102.40073832727273, 102.40073832727273, 102.40073832727273, 102.40073832727273, 102.40073832727273, 102.40073832727273, 102.40073832727273, 102.40073832727273, 102.40073832727273, 102.40073832727273, 102.40080116363637, 102.40080116363637, 102.40080116363637, 102.40080116363637, 102.40080116363637, 102.40080116363637, 102.40080116363637, 102.40080116363637, 102.40080116363637, 102.40080116363637, 102.40080116363637, 102.40080116363637, 204.80029847272732, 204.8004241454546, 204.8004241454546, 204.80067549090913, 204.80073832727277, 204.8008011636364]


Mobile stations: 10
Avg max intervals taken to connect all mobile stations: 2.57 , time:  263.168
Average station time taken to connect: 56.42292034792732
Avg connection times: [10.240524683636366, 20.48048698181818, 20.480524683636368, 20.480593803636367, 30.720442996363637, 30.72046813090909, 30.720486981818187, 30.720512116363636, 30.720512116363636, 30.720512116363643, 30.720512116363643, 30.72052468363637, 30.720530967272726, 30.720537250909093, 30.72054353454546, 30.72054981818182, 30.720549818181826, 30.720568669090916, 30.720574952727276, 30.720581236363635, 30.720600087272725, 40.96040529454545, 40.96043671272728, 40.960449280000006, 40.960449280000006, 40.96046813090909, 40.960493265454545, 40.960493265454545, 40.96049326545456, 40.96049954909091, 40.96053096727273, 40.9605372509091, 40.96054353454546, 40.960549818181825, 40.96055610181819, 40.960587520000004, 40.960587520000004, 40.96061265454546, 40.96061265454546, 40.96062522181819, 51.20044299636364, 51.20044299636364, 51.200455563636375, 51.200461847272734, 51.20047441454547, 51.20048069818182, 51.200493265454554, 51.20049954909091, 51.20050583272727, 51.2005184, 51.20051840000001, 51.20051840000001, 51.200524683636374, 51.200524683636374, 51.20053096727274, 51.20054981818182, 51.20054981818182, 51.20055610181819, 51.20055610181819, 51.20055610181819, 51.20056238545455, 51.20057495272728, 61.44045556363638, 61.44046184727274, 61.44046813090911, 61.44047441454546, 61.44048698181818, 61.440499549090916, 61.44051211636364, 61.44051211636365, 61.44051840000001, 61.440524683636376, 61.44054981818183, 61.44060008727274, 71.68048069818182, 71.68048698181819, 71.68054981818183, 71.68059380363636, 71.68060008727274, 81.9204681309091, 81.92047441454545, 81.92048698181819, 81.92049954909092, 81.92054981818183, 81.92060008727273, 81.92060637090911, 92.16049954909093, 92.16051211636365, 92.1605372509091, 92.1605561018182, 92.1605561018182, 92.16056866909092, 92.16056866909094, 102.40041157818185, 102.40051840000004, 112.64046813090911, 112.64048698181821, 122.88051211636366, 133.1204869818182, 143.36052468363636]
Max connection times: [102.40036130909093, 102.40036130909093, 102.40042414545455, 102.40048698181819, 102.40054981818183, 102.40054981818183, 102.40061265454547, 102.40061265454547, 102.40061265454547, 102.40061265454547, 102.40061265454547, 102.40061265454547, 102.40061265454547, 102.4006754909091, 102.4006754909091, 102.4006754909091, 102.4006754909091, 102.4006754909091, 102.40073832727273, 102.40073832727273, 102.40073832727273, 102.40073832727273, 102.40073832727273, 102.40073832727273, 102.40073832727273, 102.40073832727273, 102.40073832727273, 102.40073832727273, 102.40073832727273, 102.40080116363637, 102.40080116363637, 102.40080116363637, 102.40080116363637, 102.40080116363637, 102.40080116363637, 102.40080116363637, 102.40080116363637, 102.40080116363637, 102.40080116363637, 102.40080116363637, 102.40080116363637, 102.40080116363637, 102.40080116363637, 102.40080116363637, 102.40080116363637, 102.40080116363637, 102.40080116363637, 102.40080116363637, 204.80023563636368, 204.80029847272732, 204.80029847272732, 204.80036130909096, 204.80036130909096, 204.80036130909096, 204.80036130909096, 204.8004241454546, 204.8004241454546, 204.8004241454546, 204.8004241454546, 204.80048698181824, 204.80054981818185, 204.80054981818185, 204.80054981818185, 204.80054981818185, 204.80054981818185, 204.80054981818185, 204.80054981818185, 204.8006126545455, 204.8006126545455, 204.8006126545455, 204.8006126545455, 204.8006126545455, 204.8006126545455, 204.80067549090913, 204.80067549090913, 204.80067549090913, 204.80067549090913, 204.80067549090913, 204.80073832727277, 204.80073832727277, 204.80073832727277, 204.80073832727277, 204.8008011636364, 204.8008011636364, 204.8008011636364, 204.8008011636364, 204.8008011636364, 204.8008011636364, 204.8008011636364, 204.8008011636364, 204.8008011636364, 204.8008011636364, 204.8008011636364, 204.8008011636364, 204.8008011636364, 307.2002356363637, 307.2004241454546, 307.20048698181824, 307.2007383272728, 307.2008011636364]


Mobile stations: 14
Avg max intervals taken to connect all mobile stations: 3.33 , time:  340.992
Average station time taken to connect: 82.43251997090911
Avg connection times: [36.571964924675335, 43.8862281974026, 43.886237174025986, 43.88625961558442, 43.88626410389611, 51.20046005194806, 51.2004824935065, 51.200486981818194, 51.20049595844156, 51.20049595844157, 51.20051391168831, 51.20053186493508, 58.514759231168846, 58.51476820779222, 58.51478616103897, 58.51478616103897, 58.51479513766235, 58.51480411428572, 58.514804114285724, 58.51480860259742, 58.5148130909091, 58.51482206753248, 58.514840020779225, 58.5148489974026, 58.5148534857143, 58.51486246233766, 65.82908534025975, 65.82908982857144, 65.82908982857144, 65.82909431688313, 65.82909431688313, 65.82909880519482, 65.82910329350649, 65.8291077818182, 65.82911227012987, 73.14327680000001, 73.14333963636365, 73.1433531012987, 73.1433531012987, 73.14337105454547, 73.14337554285716, 73.14338900779221, 73.14339349610391, 73.14341144935067, 73.14342491428572, 73.14342491428572, 80.45759842077923, 80.45762086233768, 80.45763432727274, 80.45765676883119, 80.45766574545455, 80.45767023376625, 80.45767921038963, 80.4576926753247, 80.45771062857145, 80.45771062857145, 87.77191555324677, 87.77192901818182, 87.77193799480521, 87.77194248311692, 87.77194697142859, 87.7719469714286, 87.77195145974028, 87.77196941298702, 87.7719828779221, 95.08620126753247, 95.08620126753249, 95.08620126753249, 95.08625961558444, 95.08625961558444, 95.08630449870131, 102.40046902857145, 102.40050044675324, 102.40051391168832, 102.40051840000001, 102.40051840000002, 102.4005228883117, 102.40052737662339, 102.40054084155847, 102.40054532987014, 102.40054532987016, 102.4005632831169, 109.71474576623379, 109.71476371948053, 109.71476371948053, 109.71481309090909, 109.7148220675325, 109.71483104415586, 109.71483104415587, 109.71483553246753, 109.7148489974026, 117.02909880519482, 117.02909880519482, 124.34334861298703, 124.34334861298703, 124.34338451948054, 131.65766125714288, 146.28621024415588, 146.28622370909093, 146.28625063896106]
Max connection times: [102.40073832727273, 102.40080116363637, 102.40080116363637, 204.80023563636368, 204.80023563636368, 204.80023563636368, 204.80023563636368, 204.80029847272732, 204.80036130909096, 204.80036130909096, 204.8004241454546, 204.8004241454546, 204.8004241454546, 204.8004241454546, 204.8004241454546, 204.80048698181824, 204.80048698181824, 204.80048698181824, 204.80048698181824, 204.80048698181824, 204.80054981818185, 204.80054981818185, 204.80054981818185, 204.80054981818185, 204.80054981818185, 204.80054981818185, 204.80054981818185, 204.80054981818185, 204.8006126545455, 204.8006126545455, 204.8006126545455, 204.8006126545455, 204.80067549090913, 204.80067549090913, 204.80067549090913, 204.80067549090913, 204.80067549090913, 204.80067549090913, 204.80067549090913, 204.80067549090913, 204.80073832727277, 204.80073832727277, 204.80073832727277, 204.80073832727277, 204.80073832727277, 204.80073832727277, 204.80073832727277, 204.80073832727277, 204.80073832727277, 204.80073832727277, 204.80073832727277, 204.80073832727277, 204.8008011636364, 204.8008011636364, 204.8008011636364, 204.8008011636364, 204.8008011636364, 204.8008011636364, 204.8008011636364, 204.8008011636364, 204.8008011636364, 204.8008011636364, 204.8008011636364, 204.8008011636364, 204.8008011636364, 204.8008011636364, 204.8008011636364, 204.8008011636364, 307.2002984727273, 307.2002984727273, 307.2002984727273, 307.2002984727273, 307.20036130909097, 307.20036130909097, 307.20036130909097, 307.2004241454546, 307.2004241454546, 307.20048698181824, 307.20048698181824, 307.20048698181824, 307.20048698181824, 307.20054981818186, 307.20054981818186, 307.20054981818186, 307.20054981818186, 307.2006126545455, 307.2006126545455, 307.2006126545455, 307.2006126545455, 307.20067549090913, 307.20067549090913, 307.2007383272728, 307.2007383272728, 307.2008011636364, 307.2008011636364, 307.2008011636364, 307.2008011636364, 409.60054981818183, 409.6008011636364, 512.0008011636363]


Mobile stations: 18
Avg max intervals taken to connect all mobile stations: 3.95 , time:  404.48
Average station time taken to connect: 113.38007413010098
Avg connection times: [62.578289195959606, 62.578331086868694, 68.26717459393939, 68.2671745939394, 68.2671745939394, 68.26718855757576, 68.26719553939395, 73.95604951919194, 73.95605301010102, 73.95605301010102, 73.95609141010101, 79.64496633535356, 79.6449802989899, 79.64499775353536, 85.33380286060607, 85.33381682424245, 85.33382031515151, 85.33384126060608, 85.33387267878788, 85.3338726787879, 85.33387966060607, 85.33389013333334, 91.02272316767679, 91.02273713131314, 91.02274062222222, 91.02281393131314, 91.02281742222223, 96.71158762020204, 96.71159809292931, 96.71161554747476, 96.71163998383842, 96.71164696565658, 96.71165045656566, 96.71166092929295, 96.7116818747475, 102.40047650909092, 102.40048000000003, 102.40048349090911, 102.40050792727274, 102.40054283636364, 102.40057425454546, 108.08934096161617, 108.08937936161618, 108.08938983434345, 108.08940379797981, 108.08942474343435, 108.08942474343435, 108.08942823434344, 108.08943172525257, 113.77827523232327, 113.77827872323233, 113.77828919595962, 113.77829268686872, 113.7782961777778, 113.77831363232326, 113.77832410505052, 113.77834155959597, 119.46716412121216, 119.46718157575762, 119.46719204848485, 119.46719204848488, 119.46719553939397, 119.46720601212122, 125.15604253737375, 125.15605301010103, 125.1560634828283, 125.15607046464649, 125.15608442828287, 125.15611933737377, 130.8449209535354, 130.84497331717176, 130.84499077171716, 130.84500822626262, 136.533799369697, 136.53384126060607, 136.53385173333334, 136.53385522424244, 136.53386220606063, 136.53387267878787, 142.22272665858588, 142.22272665858588, 142.22273014949496, 142.22274760404045, 142.22277204040404, 147.9116015838384, 147.9116120565657, 147.91161903838386, 147.91165743838386, 153.6004485818182, 153.60049396363638, 153.60050443636368, 153.6005114181818, 153.60051490909092, 153.60055330909094, 159.289410779798, 164.97825428686872, 164.9782612686869, 164.9783659959596, 170.66720601212126, 176.3560250828283]
Max connection times: [204.80036130909096, 204.80036130909096, 204.80054981818185, 204.80054981818185, 204.80054981818185, 204.8006126545455, 204.8006126545455, 204.80067549090913, 204.80067549090913, 204.80067549090913, 204.80067549090913, 204.80067549090913, 204.80073832727277, 204.80073832727277, 204.80073832727277, 204.80073832727277, 204.8008011636364, 204.8008011636364, 204.8008011636364, 204.8008011636364, 204.8008011636364, 204.8008011636364, 204.8008011636364, 204.8008011636364, 204.8008011636364, 307.2002356363637, 307.2002356363637, 307.2002984727273, 307.2002984727273, 307.2002984727273, 307.2002984727273, 307.20036130909097, 307.2004241454546, 307.2004241454546, 307.2004241454546, 307.2004241454546, 307.20048698181824, 307.20048698181824, 307.20048698181824, 307.20048698181824, 307.20048698181824, 307.20048698181824, 307.20054981818186, 307.20054981818186, 307.20054981818186, 307.20054981818186, 307.20054981818186, 307.20054981818186, 307.2006126545455, 307.2006126545455, 307.2006126545455, 307.2006126545455, 307.2006126545455, 307.2006126545455, 307.20067549090913, 307.20067549090913, 307.20067549090913, 307.20067549090913, 307.20067549090913, 307.20067549090913, 307.2007383272728, 307.2007383272728, 307.2007383272728, 307.2007383272728, 307.2007383272728, 307.2007383272728, 307.2007383272728, 307.2007383272728, 307.2008011636364, 307.2008011636364, 307.2008011636364, 307.2008011636364, 307.2008011636364, 307.2008011636364, 307.2008011636364, 307.2008011636364, 307.2008011636364, 307.2008011636364, 307.2008011636364, 307.2008011636364, 307.2008011636364, 409.6002984727273, 409.6002984727273, 409.60042414545455, 409.60042414545455, 409.6004869818182, 409.60054981818183, 409.60054981818183, 409.60054981818183, 409.6006126545455, 409.6006754909091, 409.6006754909091, 409.6007383272728, 409.6007383272728, 409.6008011636364, 409.6008011636364, 409.6008011636364, 409.6008011636364, 409.6008011636364, 512.0006126545453]


Mobile stations: 22
Avg max intervals taken to connect all mobile stations: 4.39 , time:  449.536
Average station time taken to connect: 137.07688000846287
Avg connection times: [79.12777399008264, 88.43686204297522, 93.09142463471075, 93.09142463471076, 93.09143605950416, 93.09143891570251, 97.74595295206613, 97.74595580826448, 102.40050697520661, 107.0550581421488, 107.05506099834714, 107.05507242314053, 107.05507813553719, 107.05508670413224, 111.70956932231407, 111.70958074710747, 111.70958931570249, 111.70959502809919, 111.70959788429754, 111.70959788429755, 111.70960645289257, 111.70962073388431, 111.70964929586779, 116.36408907107439, 116.36412334545457, 116.36413477024797, 116.36417190082643, 116.36417475702483, 116.3641804694215, 116.36418618181823, 121.01865737520662, 121.01866023140498, 121.0186916495868, 121.0186973619835, 121.01871735537192, 121.01871735537193, 125.67322282314052, 125.67322567933888, 125.67323139173558, 125.67323710413224, 125.67323710413226, 125.67324281652895, 125.67325138512398, 125.67326566611574, 125.67326566611574, 130.3277625652893, 130.32778827107438, 130.32779112727277, 130.3277996958678, 130.32780540826448, 130.32784253884302, 134.98233372561984, 134.98233372561984, 134.98234229421493, 134.98234800661157, 134.9823480066116, 139.63684490578515, 139.63689346115706, 139.63690488595043, 144.29141035371904, 144.2914132099174, 144.29141606611574, 144.29144748429755, 148.9459500958678, 148.94597294545463, 148.94597294545463, 148.94598151404963, 148.94599008264467, 148.945992938843, 148.9459986512397, 148.9460357818182, 153.60046413223142, 153.60048126942155, 153.60049269421495, 153.60051268760333, 153.60054981818186, 153.60055267438017, 158.25504957355372, 158.25507242314052, 158.25508670413225, 162.9095664661157, 162.90957789090913, 162.90959217190087, 162.90962073388434, 167.56415190743806, 167.56420331900833, 172.218660231405, 172.21870593057852, 172.21872592396696, 172.2187487735537, 176.87323996033058, 176.8732399603306, 176.87325138512398, 186.18230230743802, 186.18235371900826, 195.4913703669422, 195.4913875041323, 195.49147033388434, 218.76414905123974, 232.7277797024794]
Max connection times: [204.8006126545455, 204.80067549090913, 204.80073832727277, 204.8008011636364, 204.8008011636364, 204.8008011636364, 307.2002984727273, 307.20036130909097, 307.20048698181824, 307.20048698181824, 307.20054981818186, 307.20054981818186, 307.20054981818186, 307.20054981818186, 307.20054981818186, 307.20054981818186, 307.20054981818186, 307.20054981818186, 307.2006126545455, 307.2006126545455, 307.2006126545455, 307.2006126545455, 307.20067549090913, 307.20067549090913, 307.20067549090913, 307.20067549090913, 307.20067549090913, 307.20067549090913, 307.20067549090913, 307.20067549090913, 307.20067549090913, 307.20067549090913, 307.20067549090913, 307.2007383272728, 307.2007383272728, 307.2007383272728, 307.2007383272728, 307.2007383272728, 307.2007383272728, 307.2007383272728, 307.2007383272728, 307.2007383272728, 307.2007383272728, 307.2007383272728, 307.2008011636364, 307.2008011636364, 307.2008011636364, 307.2008011636364, 307.2008011636364, 307.2008011636364, 307.2008011636364, 307.2008011636364, 307.2008011636364, 307.2008011636364, 307.2008011636364, 307.2008011636364, 307.2008011636364, 307.2008011636364, 307.2008011636364, 307.2008011636364, 307.2008011636364, 409.6002984727273, 409.6002984727273, 409.6002984727273, 409.60036130909094, 409.60036130909094, 409.60036130909094, 409.60036130909094, 409.60036130909094, 409.60036130909094, 409.60036130909094, 409.60036130909094, 409.60042414545455, 409.6004869818182, 409.60054981818183, 409.60054981818183, 409.6006126545455, 409.6006126545455, 409.6006126545455, 409.6006126545455, 409.6006126545455, 409.6006754909091, 409.6006754909091, 409.6006754909091, 409.6007383272728, 409.6007383272728, 409.6007383272728, 409.6007383272728, 409.6008011636364, 409.6008011636364, 409.6008011636364, 409.6008011636364, 409.6008011636364, 409.6008011636364, 512.0002984727272, 512.0003613090907, 512.0004241454544, 512.000675490909, 512.0008011636363, 512.0008011636363]


Mobile stations: 25
Avg max intervals taken to connect all mobile stations: 4.97 , time:  508.928
Average station time taken to connect: 161.26003897809449
Avg connection times: [98.30447692800003, 106.4965146298182, 110.59249954909093, 114.68853725090914, 114.6885422778182, 122.88048698181821, 122.88052719709094, 122.88053222400002, 126.97648446836367, 126.97649703563638, 131.07250206254545, 131.07250206254548, 131.07250960290912, 131.07252217018186, 135.1684819549091, 135.16851211636364, 135.16851714327277, 135.16853222400002, 135.16853222400005, 135.16853473745456, 135.16853725090914, 135.16853976436366, 139.26450206254546, 139.2645070894546, 139.26451211636365, 139.26452719709093, 139.26453976436366, 139.26455987200004, 139.26456489890913, 143.36048446836364, 143.3604970356364, 143.3605096029091, 143.36052719709093, 143.36052971054545, 143.36052971054548, 143.3605473047273, 147.45649452218186, 147.45652217018184, 147.45652971054545, 147.45653976436367, 151.5524844683637, 151.55250206254547, 151.55251714327275, 151.55252217018185, 151.55254479127277, 155.64851714327276, 155.64853222400004, 155.6485422778182, 155.6485699258182, 159.74449703563639, 159.74450457600003, 159.74450457600003, 159.74454227781823, 159.74454479127277, 159.74455484509093, 163.84047190109098, 163.84048949527275, 163.8405297105455, 167.93647692800005, 167.93648446836363, 167.93648949527275, 172.03249954909097, 172.0325447912728, 176.12848949527282, 176.12851965672732, 180.22450457600004, 180.22450960290914, 180.22451714327275, 180.22451965672732, 180.22452468363636, 180.22454981818188, 184.32051462981815, 184.3205146298182, 184.32051965672733, 184.32052971054546, 184.32053222399998, 184.3205372509091, 184.32054981818186, 188.4164794414546, 188.41650457600005, 188.4165397643637, 188.41654479127274, 188.4165447912728, 188.4165523316364, 192.5125070894546, 192.51251211636364, 192.51252217018182, 192.51253473745462, 192.5125372509091, 192.5125422778182, 200.7044744145455, 200.70451211636365, 204.80043922618188, 204.80047190109096, 204.80053222400005, 204.80054730472727, 204.80055233163642, 217.088532224, 225.28054227781823, 229.37652719709095]
Max connection times: [307.2002356363637, 307.20054981818186, 307.2006126545455, 307.2006126545455, 307.2006126545455, 307.2006126545455, 307.20067549090913, 307.20067549090913, 307.20067549090913, 307.20067549090913, 307.20067549090913, 307.2007383272728, 307.2007383272728, 307.2007383272728, 307.2007383272728, 307.2007383272728, 307.2007383272728, 307.2008011636364, 307.2008011636364, 307.2008011636364, 307.2008011636364, 307.2008011636364, 307.2008011636364, 307.2008011636364, 307.2008011636364, 307.2008011636364, 409.60023563636366, 409.6002984727273, 409.6002984727273, 409.6002984727273, 409.6002984727273, 409.60036130909094, 409.6004869818182, 409.6004869818182, 409.6004869818182, 409.6004869818182, 409.6004869818182, 409.6004869818182, 409.6004869818182, 409.6004869818182, 409.6004869818182, 409.60054981818183, 409.60054981818183, 409.60054981818183, 409.60054981818183, 409.6006126545455, 409.6006126545455, 409.6006126545455, 409.6006126545455, 409.6006126545455, 409.6006126545455, 409.6006754909091, 409.6006754909091, 409.6006754909091, 409.6006754909091, 409.6006754909091, 409.6006754909091, 409.6006754909091, 409.6007383272728, 409.6007383272728, 409.6007383272728, 409.6007383272728, 409.6007383272728, 409.6007383272728, 409.6007383272728, 409.6007383272728, 409.6007383272728, 409.6007383272728, 409.6007383272728, 409.6007383272728, 409.6008011636364, 409.6008011636364, 409.6008011636364, 409.6008011636364, 409.6008011636364, 409.6008011636364, 409.6008011636364, 409.6008011636364, 409.6008011636364, 409.6008011636364, 512.0003613090907, 512.0003613090907, 512.0004241454544, 512.0004869818181, 512.0005498181818, 512.0005498181818, 512.0006126545453, 512.000675490909, 512.000675490909, 512.0007383272726, 512.0007383272726, 512.0007383272726, 512.0007383272726, 512.0008011636363, 512.0008011636363, 512.0008011636363, 512.0008011636363, 512.0008011636363, 614.4008011636363, 716.8008011636363]