AP position [0, 0, 0.0]
AP sectors 12
Mob sectors: 4
Sls slots: 3


Mobile stations: 1
Avg max intervals taken to connect all mobile stations: 1.0 , time:  102.4
Average station time taken to connect: 0.000302242909090909
Avg connection times: [0.00023563636363636362, 0.00023563636363636362, 0.00023563636363636362, 0.00023563636363636362, 0.00023563636363636362, 0.00023563636363636362, 0.00023563636363636362, 0.00023563636363636362, 0.00023563636363636362, 0.00023563636363636362, 0.00023563636363636362, 0.00023563636363636362, 0.00023563636363636362, 0.00023563636363636362, 0.00023563636363636362, 0.00023563636363636362, 0.00023563636363636362, 0.00023563636363636362, 0.00023563636363636362, 0.00023563636363636362, 0.00023563636363636362, 0.00023563636363636362, 0.00023563636363636362, 0.00023563636363636362, 0.00023563636363636362, 0.00023563636363636362, 0.00023563636363636362, 0.00023563636363636362, 0.00023563636363636362, 0.00023563636363636362, 0.00023563636363636362, 0.00023563636363636362, 0.00023563636363636362, 0.00029847272727272727, 0.00029847272727272727, 0.00029847272727272727, 0.00029847272727272727, 0.00029847272727272727, 0.00029847272727272727, 0.00029847272727272727, 0.00029847272727272727, 0.00029847272727272727, 0.00029847272727272727, 0.00029847272727272727, 0.00029847272727272727, 0.00029847272727272727, 0.00029847272727272727, 0.00029847272727272727, 0.00029847272727272727, 0.00029847272727272727, 0.00029847272727272727, 0.00029847272727272727, 0.00029847272727272727, 0.00029847272727272727, 0.00029847272727272727, 0.00029847272727272727, 0.00029847272727272727, 0.00029847272727272727, 0.00029847272727272727, 0.00029847272727272727, 0.00029847272727272727, 0.0003613090909090909, 0.0003613090909090909, 0.0003613090909090909, 0.0003613090909090909, 0.0003613090909090909, 0.0003613090909090909, 0.0003613090909090909, 0.0003613090909090909, 0.0003613090909090909, 0.0003613090909090909, 0.0003613090909090909, 0.0003613090909090909, 0.0003613090909090909, 0.0003613090909090909, 0.0003613090909090909, 0.0003613090909090909, 0.0003613090909090909, 0.0003613090909090909, 0.0003613090909090909, 0.0003613090909090909, 0.0003613090909090909, 0.0003613090909090909, 0.0003613090909090909, 0.0003613090909090909, 0.0003613090909090909, 0.0003613090909090909, 0.0003613090909090909, 0.0003613090909090909, 0.0003613090909090909, 0.0003613090909090909, 0.0003613090909090909, 0.0003613090909090909, 0.0003613090909090909, 0.0003613090909090909, 0.0003613090909090909, 0.0003613090909090909, 0.0003613090909090909, 0.0003613090909090909, 0.0003613090909090909]
Max connection times: [0.00023563636363636362, 0.00023563636363636362, 0.00023563636363636362, 0.00023563636363636362, 0.00023563636363636362, 0.00023563636363636362, 0.00023563636363636362, 0.00023563636363636362, 0.00023563636363636362, 0.00023563636363636362, 0.00023563636363636362, 0.00023563636363636362, 0.00023563636363636362, 0.00023563636363636362, 0.00023563636363636362, 0.00023563636363636362, 0.00023563636363636362, 0.00023563636363636362, 0.00023563636363636362, 0.00023563636363636362, 0.00023563636363636362, 0.00023563636363636362, 0.00023563636363636362, 0.00023563636363636362, 0.00023563636363636362, 0.00023563636363636362, 0.00023563636363636362, 0.00023563636363636362, 0.00023563636363636362, 0.00023563636363636362, 0.00023563636363636362, 0.00023563636363636362, 0.00023563636363636362, 0.00029847272727272727, 0.00029847272727272727, 0.00029847272727272727, 0.00029847272727272727, 0.00029847272727272727, 0.00029847272727272727, 0.00029847272727272727, 0.00029847272727272727, 0.00029847272727272727, 0.00029847272727272727, 0.00029847272727272727, 0.00029847272727272727, 0.00029847272727272727, 0.00029847272727272727, 0.00029847272727272727, 0.00029847272727272727, 0.00029847272727272727, 0.00029847272727272727, 0.00029847272727272727, 0.00029847272727272727, 0.00029847272727272727, 0.00029847272727272727, 0.00029847272727272727, 0.00029847272727272727, 0.00029847272727272727, 0.00029847272727272727, 0.00029847272727272727, 0.00029847272727272727, 0.0003613090909090909, 0.0003613090909090909, 0.0003613090909090909, 0.0003613090909090909, 0.0003613090909090909, 0.0003613090909090909, 0.0003613090909090909, 0.0003613090909090909, 0.0003613090909090909, 0.0003613090909090909, 0.0003613090909090909, 0.0003613090909090909, 0.0003613090909090909, 0.0003613090909090909, 0.0003613090909090909, 0.0003613090909090909, 0.0003613090909090909, 0.0003613090909090909, 0.0003613090909090909, 0.0003613090909090909, 0.0003613090909090909, 0.0003613090909090909, 0.0003613090909090909, 0.0003613090909090909, 0.0003613090909090909, 0.0003613090909090909, 0.0003613090909090909, 0.0003613090909090909, 0.0003613090909090909, 0.0003613090909090909, 0.0003613090909090909, 0.0003613090909090909, 0.0003613090909090909, 0.0003613090909090909, 0.0003613090909090909, 0.0003613090909090909, 0.0003613090909090909, 0.0003613090909090909, 0.0003613090909090909]


Mobile stations: 2
Avg max intervals taken to connect all mobile stations: 1.39 , time:  142.33599999999998
Average station time taken to connect: 29.696301614545465
Avg connection times: [0.00026705454545454543, 0.00026705454545454543, 0.00026705454545454543, 0.00026705454545454543, 0.00026705454545454543, 0.00026705454545454543, 0.00026705454545454543, 0.00026705454545454543, 0.00026705454545454543, 0.00026705454545454543, 0.00026705454545454543, 0.00026705454545454543, 0.00026705454545454543, 0.00026705454545454543, 0.00026705454545454543, 0.00026705454545454543, 0.00026705454545454543, 0.00026705454545454543, 0.00026705454545454543, 0.00026705454545454543, 0.00026705454545454543, 0.00029847272727272727, 0.00029847272727272727, 0.00029847272727272727, 0.00029847272727272727, 0.00029847272727272727, 0.00029847272727272727, 0.00029847272727272727, 0.00029847272727272727, 0.00029847272727272727, 0.00029847272727272727, 0.00029847272727272727, 0.00029847272727272727, 0.00029847272727272727, 0.00029847272727272727, 0.00029847272727272727, 0.00029847272727272727, 0.00029847272727272727, 0.00029847272727272727, 0.00029847272727272727, 0.00029847272727272727, 0.00029847272727272727, 0.00029847272727272727, 0.00029847272727272727, 0.0003298909090909091, 0.0003298909090909091, 0.0003298909090909091, 0.0003298909090909091, 0.0003298909090909091, 0.0003298909090909091, 0.0003298909090909091, 0.0003298909090909091, 0.0003298909090909091, 0.0003298909090909091, 0.0003298909090909091, 0.0003298909090909091, 0.0003298909090909091, 0.0003298909090909091, 0.0003298909090909091, 0.0003298909090909091, 0.0003298909090909091, 0.0003298909090909091, 0.0003298909090909091, 0.0003298909090909091, 0.0003298909090909091, 0.0003298909090909091, 0.0003298909090909091, 0.0003298909090909091, 0.0003298909090909091, 51.200235636363644, 51.200267054545456, 51.200267054545456, 51.20026705454546, 51.200298472727276, 51.200298472727276, 51.200298472727276, 51.200298472727276, 51.200298472727276, 51.200298472727276, 51.200298472727276, 51.20029847272728, 51.20029847272728, 51.200329890909096, 51.200329890909096, 51.200329890909096, 51.200329890909096, 51.200361309090916, 51.200361309090916, 51.200361309090916, 102.40026705454547, 102.40026705454547, 102.40029847272729, 102.40029847272729, 204.80029847272732, 204.80029847272732, 204.80029847272732, 204.80032989090915, 204.80032989090915, 204.80032989090915, 307.20029847272735]
Max connection times: [0.00029847272727272727, 0.00029847272727272727, 0.00029847272727272727, 0.00029847272727272727, 0.00029847272727272727, 0.00029847272727272727, 0.00029847272727272727, 0.00029847272727272727, 0.00029847272727272727, 0.00029847272727272727, 0.00029847272727272727, 0.00029847272727272727, 0.00029847272727272727, 0.00029847272727272727, 0.00029847272727272727, 0.00029847272727272727, 0.00029847272727272727, 0.00029847272727272727, 0.00029847272727272727, 0.00029847272727272727, 0.00029847272727272727, 0.0003613090909090909, 0.0003613090909090909, 0.0003613090909090909, 0.0003613090909090909, 0.0003613090909090909, 0.0003613090909090909, 0.0003613090909090909, 0.0003613090909090909, 0.0003613090909090909, 0.0003613090909090909, 0.0003613090909090909, 0.0003613090909090909, 0.0003613090909090909, 0.0003613090909090909, 0.0003613090909090909, 0.0003613090909090909, 0.0003613090909090909, 0.0003613090909090909, 0.0003613090909090909, 0.0003613090909090909, 0.0003613090909090909, 0.0003613090909090909, 0.0003613090909090909, 0.0003613090909090909, 0.0003613090909090909, 0.0003613090909090909, 0.0003613090909090909, 0.0003613090909090909, 0.0003613090909090909, 0.0003613090909090909, 0.0003613090909090909, 0.0003613090909090909, 0.0003613090909090909, 0.0003613090909090909, 0.0003613090909090909, 0.0003613090909090909, 0.0003613090909090909, 0.0003613090909090909, 0.0003613090909090909, 0.0003613090909090909, 0.0003613090909090909, 0.0003613090909090909, 0.0003613090909090909, 0.0003613090909090909, 0.0003613090909090909, 0.0003613090909090909, 0.0003613090909090909, 0.0003613090909090909, 102.40023563636365, 102.40023563636365, 102.40023563636365, 102.40029847272729, 102.40029847272729, 102.40029847272729, 102.40029847272729, 102.40029847272729, 102.40029847272729, 102.40029847272729, 102.40029847272729, 102.40029847272729, 102.40029847272729, 102.40029847272729, 102.40036130909093, 102.40036130909093, 102.40036130909093, 102.40036130909093, 102.40036130909093, 102.40036130909093, 102.40036130909093, 102.40036130909093, 102.40036130909093, 102.40036130909093, 204.80036130909096, 204.80036130909096, 204.80036130909096, 204.80036130909096, 204.80036130909096, 204.80036130909096, 307.20036130909097]


Mobile stations: 4
Avg max intervals taken to connect all mobile stations: 2.44 , time:  249.856
Average station time taken to connect: 69.37630177163642
Avg connection times: [25.600282763636365, 25.600282763636365, 25.600282763636365, 25.600282763636365, 25.600282763636365, 25.600282763636365, 25.600282763636365, 25.600282763636365, 25.600298472727275, 25.600298472727275, 25.600298472727275, 25.600298472727275, 25.600298472727275, 25.600298472727275, 25.600298472727275, 25.600298472727275, 25.600298472727275, 25.600298472727275, 25.600298472727275, 25.600298472727275, 25.600298472727275, 25.600298472727275, 25.600298472727275, 25.600314181818185, 25.600314181818185, 25.600314181818185, 25.600314181818185, 25.600314181818185, 25.600314181818185, 25.600314181818185, 25.600314181818185, 25.600314181818185, 25.600314181818185, 25.600314181818185, 51.20026705454546, 51.20026705454546, 51.20026705454546, 51.20026705454546, 51.20026705454546, 51.200282763636366, 51.200282763636366, 51.200282763636366, 51.200282763636366, 51.20029847272728, 51.20029847272728, 51.20029847272728, 51.200314181818186, 51.200314181818186, 51.200314181818186, 51.200314181818186, 51.200314181818186, 51.200314181818186, 51.200314181818186, 51.200314181818186, 51.200314181818186, 51.200314181818186, 51.2003298909091, 51.2003298909091, 51.2003298909091, 51.2003298909091, 51.2003298909091, 76.80028276363637, 76.80028276363637, 76.80029847272729, 76.80029847272729, 76.80029847272729, 76.80031418181818, 76.80031418181818, 76.8003141818182, 76.8003141818182, 102.40028276363638, 102.4002827636364, 102.40029847272729, 102.40029847272729, 102.40029847272729, 102.40029847272729, 102.40029847272729, 102.4002984727273, 102.4003141818182, 102.4003141818182, 102.4003141818182, 102.4003141818182, 102.4003141818182, 102.40034560000001, 128.00026705454547, 128.0002827636364, 128.0002984727273, 128.0002984727273, 128.0003141818182, 128.0003141818182, 128.00032989090911, 153.6002827636364, 153.60028276363641, 153.6002984727273, 153.6003298909091, 179.20028276363638, 179.20028276363638, 179.20031418181821, 204.8003456, 307.2003141818181]
Max connection times: [102.40023563636365, 102.40023563636365, 102.40023563636365, 102.40023563636365, 102.40023563636365, 102.40023563636365, 102.40023563636365, 102.40023563636365, 102.40029847272729, 102.40029847272729, 102.40029847272729, 102.40029847272729, 102.40029847272729, 102.40029847272729, 102.40029847272729, 102.40029847272729, 102.40029847272729, 102.40029847272729, 102.40029847272729, 102.40029847272729, 102.40029847272729, 102.40029847272729, 102.40029847272729, 102.40029847272729, 102.40029847272729, 102.40029847272729, 102.40029847272729, 102.40029847272729, 102.40029847272729, 102.40029847272729, 102.40029847272729, 102.40029847272729, 102.40036130909093, 102.40036130909093, 102.40036130909093, 102.40036130909093, 102.40036130909093, 102.40036130909093, 102.40036130909093, 102.40036130909093, 102.40036130909093, 102.40036130909093, 102.40036130909093, 102.40036130909093, 102.40036130909093, 102.40036130909093, 102.40036130909093, 102.40036130909093, 102.40036130909093, 102.40036130909093, 102.40036130909093, 102.40036130909093, 102.40036130909093, 102.40036130909093, 102.40036130909093, 102.40036130909093, 102.40036130909093, 102.40036130909093, 102.40036130909093, 102.40036130909093, 102.40036130909093, 102.40036130909093, 102.40036130909093, 102.40036130909093, 102.40036130909093, 204.80023563636368, 204.80023563636368, 204.80023563636368, 204.80029847272732, 204.80029847272732, 204.80029847272732, 204.80029847272732, 204.80029847272732, 204.80029847272732, 204.80029847272732, 204.80029847272732, 204.80036130909096, 204.80036130909096, 204.80036130909096, 204.80036130909096, 204.80036130909096, 204.80036130909096, 204.80036130909096, 204.80036130909096, 204.80036130909096, 204.80036130909096, 204.80036130909096, 204.80036130909096, 204.80036130909096, 204.80036130909096, 204.80036130909096, 204.80036130909096, 204.80036130909096, 204.80036130909096, 307.2002984727273, 307.20036130909097, 307.20036130909097, 307.20036130909097, 307.20036130909097, 614.4003613090907]


Mobile stations: 6
Avg max intervals taken to connect all mobile stations: 3.52 , time:  360.44800000000004
Average station time taken to connect: 124.92829941527278
Avg connection times: [51.200298472727276, 51.200298472727276, 51.200298472727276, 51.200298472727276, 51.200298472727276, 51.200298472727276, 51.200298472727276, 51.200298472727276, 51.200298472727276, 68.26694419393941, 68.26695466666668, 68.26695466666668, 68.26695466666668, 68.26696513939395, 68.26696513939395, 68.26696513939395, 68.26697561212121, 68.26697561212121, 68.26697561212121, 68.2669860848485, 85.33362133333334, 85.33362133333334, 85.33362133333334, 85.33362133333337, 85.33362133333337, 85.33363180606062, 85.33363180606062, 85.33363180606062, 85.33363180606062, 85.33364227878788, 85.33364227878788, 85.33365275151516, 85.33365275151516, 102.40027752727273, 102.400288, 102.400288, 102.40029847272729, 102.40029847272729, 102.40029847272729, 102.40029847272729, 102.40030894545457, 102.40030894545457, 102.40030894545457, 102.40030894545457, 102.40031941818184, 102.40031941818184, 102.40031941818184, 119.46694419393941, 119.4669546666667, 119.4669546666667, 119.46696513939396, 119.46696513939396, 119.46696513939396, 119.46696513939396, 119.46697561212123, 119.46697561212125, 119.46697561212125, 119.46697561212125, 119.46698608484849, 119.4669860848485, 136.5336108606061, 136.53362133333334, 136.53362133333337, 136.53362133333337, 136.53362133333337, 136.53362133333337, 136.53362133333337, 136.53362133333337, 136.5336318060606, 136.53364227878788, 136.53364227878788, 136.53365275151518, 136.53365275151518, 153.60027752727274, 153.60027752727274, 153.600288, 153.60028800000003, 153.6002984727273, 153.60030894545457, 153.60031941818184, 153.60032989090914, 170.66693372121213, 170.66694419393943, 170.66695466666667, 170.6669546666667, 170.66696513939397, 170.6669756121212, 170.66697561212126, 187.73365275151517, 204.80027752727278, 204.8002984727273, 204.8003089454546, 204.80032989090913, 221.86696513939387, 238.93361086060608, 238.93365275151518, 290.1336318060606, 307.200329890909, 324.26695466666666, 358.4002984727272]
Max connection times: [102.40036130909093, 102.40036130909093, 102.40036130909093, 102.40036130909093, 102.40036130909093, 102.40036130909093, 102.40036130909093, 102.40036130909093, 102.40036130909093, 204.80023563636368, 204.80023563636368, 204.80023563636368, 204.80023563636368, 204.80023563636368, 204.80023563636368, 204.80023563636368, 204.80023563636368, 204.80023563636368, 204.80029847272732, 204.80029847272732, 204.80029847272732, 204.80029847272732, 204.80029847272732, 204.80029847272732, 204.80029847272732, 204.80029847272732, 204.80029847272732, 204.80029847272732, 204.80029847272732, 204.80036130909096, 204.80036130909096, 204.80036130909096, 204.80036130909096, 204.80036130909096, 204.80036130909096, 204.80036130909096, 204.80036130909096, 204.80036130909096, 204.80036130909096, 204.80036130909096, 204.80036130909096, 204.80036130909096, 204.80036130909096, 204.80036130909096, 204.80036130909096, 204.80036130909096, 204.80036130909096, 204.80036130909096, 204.80036130909096, 204.80036130909096, 204.80036130909096, 204.80036130909096, 204.80036130909096, 204.80036130909096, 204.80036130909096, 204.80036130909096, 204.80036130909096, 204.80036130909096, 204.80036130909096, 307.2002356363637, 307.2002356363637, 307.2002356363637, 307.2002356363637, 307.2002356363637, 307.2002356363637, 307.2002356363637, 307.2002356363637, 307.2002984727273, 307.2002984727273, 307.2002984727273, 307.2002984727273, 307.2002984727273, 307.2002984727273, 307.2002984727273, 307.2002984727273, 307.2002984727273, 307.2002984727273, 307.20036130909097, 307.20036130909097, 307.20036130909097, 307.20036130909097, 307.20036130909097, 307.20036130909097, 307.20036130909097, 307.20036130909097, 307.20036130909097, 307.20036130909097, 307.20036130909097, 307.20036130909097, 307.20036130909097, 409.6002984727273, 409.60036130909094, 409.60036130909094, 409.60036130909094, 409.60036130909094, 512.0002984727272, 614.4002984727272, 614.4003613090907, 614.4003613090907, 716.8003613090907]


Mobile stations: 10
Avg max intervals taken to connect all mobile stations: 5.94 , time:  608.2560000000001
Average station time taken to connect: 254.15709778152723
Avg connection times: [122.88030475636367, 143.3602984727273, 153.6002796218182, 153.6002984727273, 153.60031104, 163.84029218909092, 163.84030475636365, 174.08029218909093, 174.08029218909093, 174.08029218909093, 174.08029218909093, 174.08030475636366, 174.08031104000003, 174.08031104000003, 184.32027333818183, 184.3202796218182, 184.32031104000004, 184.32031732363637, 194.56028590545455, 194.56028590545458, 194.5602984727273, 194.5602984727273, 194.5602984727273, 194.5602984727273, 204.8002859054546, 204.8002921890909, 204.80029218909095, 204.80029847272726, 204.80029847272732, 204.8003047563637, 204.8003047563637, 204.80031104000005, 215.04028590545454, 215.04029847272727, 215.04029847272727, 215.04029847272733, 215.04029847272733, 215.04030475636364, 215.04031104000006, 215.04031104000006, 225.28027962181812, 225.28029218909091, 225.28029218909097, 225.28029847272728, 225.28029847272728, 225.28029847272734, 225.2803047563637, 225.28031104000002, 235.5202859054545, 235.5202859054546, 235.5203047563637, 235.52031732363633, 245.76028590545457, 245.76029218909088, 245.76029218909088, 245.7602984727273, 245.7603047563636, 245.76031103999998, 245.76031104000003, 256.0002921890909, 256.0003047563636, 256.0003047563637, 256.0003236072727, 266.2402859054545, 266.2402921890909, 266.24031103999994, 266.24031104, 276.4802733381818, 276.48028590545454, 276.4802921890909, 276.48029847272727, 286.72028590545455, 286.7203047563636, 296.96028590545455, 296.96029218909086, 296.96031103999997, 307.20027962181814, 307.20029847272724, 307.20031732363634, 317.4402921890909, 317.4402984727273, 317.44031104, 317.4403236072727, 348.1602796218182, 358.4002859054545, 358.4002859054545, 358.4003173236364, 368.6402859054545, 378.88027962181815, 378.8802859054545, 378.8802859054545, 378.8802921890909, 378.8802921890909, 378.8803047563636, 378.88031732363635, 389.1202984727272, 399.36031103999994, 419.8402984727272, 450.56031103999993, 460.8002796218181]
Max connection times: [307.2002984727273, 307.20036130909097, 307.20036130909097, 307.20036130909097, 307.20036130909097, 307.20036130909097, 409.60023563636366, 409.60023563636366, 409.60023563636366, 409.60023563636366, 409.6002984727273, 409.6002984727273, 409.6002984727273, 409.6002984727273, 409.6002984727273, 409.6002984727273, 409.6002984727273, 409.60036130909094, 409.60036130909094, 409.60036130909094, 409.60036130909094, 409.60036130909094, 409.60036130909094, 409.60036130909094, 409.60036130909094, 409.60036130909094, 409.60036130909094, 409.60036130909094, 409.60036130909094, 409.60036130909094, 409.60036130909094, 409.60036130909094, 409.60036130909094, 409.60036130909094, 409.60036130909094, 409.60036130909094, 409.60036130909094, 409.60036130909094, 409.60036130909094, 409.60036130909094, 409.60036130909094, 409.60036130909094, 512.0002356363635, 512.0002356363635, 512.0002356363635, 512.0002356363635, 512.0002356363635, 512.0002984727272, 512.0002984727272, 512.0002984727272, 512.0002984727272, 512.0002984727272, 512.0002984727272, 512.0002984727272, 512.0002984727272, 512.0002984727272, 512.0002984727272, 512.0002984727272, 512.0003613090907, 512.0003613090907, 512.0003613090907, 512.0003613090907, 512.0003613090907, 512.0003613090907, 512.0003613090907, 512.0003613090907, 512.0003613090907, 512.0003613090907, 512.0003613090907, 512.0003613090907, 614.4002356363635, 614.4002356363635, 614.4002984727272, 614.4002984727272, 614.4002984727272, 614.4002984727272, 614.4002984727272, 614.4002984727272, 614.4002984727272, 614.4002984727272, 614.4003613090907, 614.4003613090907, 614.4003613090907, 614.4003613090907, 614.4003613090907, 614.4003613090907, 614.4003613090907, 614.4003613090907, 614.4003613090907, 614.4003613090907, 614.4003613090907, 614.4003613090907, 716.8002356363635, 716.8002984727271, 716.8003613090907, 716.8003613090907, 716.8003613090907, 716.8003613090907, 819.2003613090907, 1024.0002984727273]


Mobile stations: 14
Avg max intervals taken to connect all mobile stations: 9.19 , time:  941.056
Average station time taken to connect: 452.8277275827532
Avg connection times: [234.05744132987016, 256.00028500779223, 270.628865412987, 270.628865412987, 285.2574413298701, 292.5717315324675, 292.5717405090909, 299.8860217350649, 307.2002939844156, 314.51457072207785, 314.51457969870125, 314.5145886753247, 321.82886990129873, 329.14314215064934, 329.143146638961, 329.1431556155844, 336.4574188883116, 336.45745030649357, 336.45745479480513, 336.4574547948052, 343.7717225558441, 343.7717360207792, 351.0860037818182, 351.08600827012987, 351.0860127584415, 351.08602173506495, 358.4002939844155, 358.40030744935063, 358.4003164259739, 365.71458867532465, 373.02886990129866, 373.02887438961034, 373.028878877922, 373.0288833662338, 380.3431421506493, 380.34315561558435, 380.3431645922077, 380.34316459220776, 387.657427864935, 387.6574413298701, 387.65744581818177, 387.65744581818177, 387.65745030649344, 387.6574503064935, 394.97171357922076, 394.9717225558441, 394.9717225558441, 402.2860127584414, 409.60028949610387, 416.91457521038956, 416.91457969870123, 416.9145796987013, 416.9145931636363, 416.91459765194804, 424.22886092467525, 424.22887438961027, 431.543160103896, 431.5431780571428, 438.8574323532467, 438.8574368415584, 438.85745030649343, 446.1717180675324, 446.1717270441558, 446.1717315324675, 453.4860082701298, 453.4860217350648, 460.80029847272726, 460.8003029610389, 475.4288699012987, 490.0574413298701, 497.37174499740246, 504.6860082701298, 504.6860172467532, 512.0002760311688, 512.0002984727272, 519.3145752103895, 526.6288609246752, 533.9431556155844, 541.2574323532466, 548.571709090909, 555.8860217350649, 563.2003119376623, 570.5145841870129, 570.5145886753246, 577.8288699012986, 577.8288743896104, 599.7717315324675, 607.0860037818182, 614.4002850077921, 614.4003074493505, 614.4003119376622, 629.0288878545454, 636.3431556155845, 702.1717449974025, 709.485990316883, 775.3145886753247, 811.8860082701298, 863.0860217350648, 1045.943164592208, 1221.4860037818182]
Max connection times: [512.0002984727272, 512.0002984727272, 512.0003613090907, 614.4002356363635, 614.4002984727272, 614.4002984727272, 614.4003613090907, 614.4003613090907, 614.4003613090907, 614.4003613090907, 614.4003613090907, 614.4003613090907, 614.4003613090907, 614.4003613090907, 614.4003613090907, 614.4003613090907, 614.4003613090907, 614.4003613090907, 716.8002356363635, 716.8002984727271, 716.8002984727271, 716.8002984727271, 716.8002984727271, 716.8002984727271, 716.8002984727271, 716.8002984727271, 716.8002984727271, 716.8002984727271, 716.8002984727271, 716.8003613090907, 716.8003613090907, 716.8003613090907, 716.8003613090907, 716.8003613090907, 716.8003613090907, 716.8003613090907, 716.8003613090907, 716.8003613090907, 716.8003613090907, 716.8003613090907, 716.8003613090907, 716.8003613090907, 716.8003613090907, 716.8003613090907, 819.2002356363635, 819.2002356363635, 819.2002356363635, 819.2002356363635, 819.2002984727271, 819.2002984727271, 819.2002984727271, 819.2003613090907, 819.2003613090907, 819.2003613090907, 819.2003613090907, 819.2003613090907, 819.2003613090907, 819.2003613090907, 819.2003613090907, 819.2003613090907, 819.2003613090907, 819.2003613090907, 921.6002356363634, 921.6002984727271, 921.6002984727271, 921.6002984727271, 921.6002984727271, 921.6002984727271, 921.6003613090907, 921.6003613090907, 921.6003613090907, 921.6003613090907, 921.6003613090907, 921.6003613090907, 921.6003613090907, 921.6003613090907, 921.6003613090907, 921.6003613090907, 921.6003613090907, 921.6003613090907, 921.6003613090907, 1024.0002356363636, 1024.0002984727273, 1024.000361309091, 1024.000361309091, 1024.000361309091, 1024.000361309091, 1024.000361309091, 1024.000361309091, 1024.000361309091, 1126.4002356363635, 1126.4002984727272, 1126.4003613090908, 1228.8002984727273, 1228.800361309091, 1331.2002984727274, 1331.2002984727274, 1331.200361309091, 1536.0003613090912, 1638.400235636364]


Mobile stations: 18
Avg max intervals taken to connect all mobile stations: 13.77 , time:  1410.048
Average station time taken to connect: 729.0314082922017
Avg connection times: [386.84473942626255, 409.6002984727272, 415.28918736161614, 432.35584355555557, 438.04473942626254, 443.7336073696969, 449.422503240404, 449.4225137131313, 449.42253116767665, 460.80029149090905, 460.80029498181807, 466.48917688888884, 477.86695815757565, 483.55585402828274, 483.55585402828274, 489.2447498989898, 489.24476037171706, 494.93363529696967, 500.6225102222222, 517.6892013252525, 523.3780797414141, 529.0669546666666, 529.0669581575756, 534.7558365737373, 534.7558575191919, 540.4447289535352, 540.4447324444444, 540.4447464080807, 546.1336283151514, 546.1336457696968, 551.8225172040404, 557.5114095838385, 557.5114130747475, 557.5114305292929, 574.5780867232322, 580.2669546666667, 580.2669686303029, 597.3336352969695, 603.0225206949494, 603.0225241858584, 603.022541640404, 608.7114095838383, 608.7114200565655, 614.4002810181818, 614.4002984727272, 620.0891768888889, 620.0892013252526, 625.7780587959595, 631.4669581575756, 659.9113851474747, 659.9114060929292, 659.9114340202019, 665.6002845090909, 676.9780657777778, 682.6669860848483, 694.044753389899, 699.7336283151516, 699.7336318060605, 705.4225241858585, 711.1114060929291, 711.1114165656566, 711.1114270383837, 733.8669616484848, 750.9336283151514, 750.9336318060607, 756.6225137131313, 756.6225206949495, 768.0003019636364, 779.3780971959595, 802.1336318060606, 824.8891803797978, 830.578076250505, 859.0225346585859, 870.4003124363635, 887.4669616484848, 898.8447324444443, 915.9113991111111, 927.2891838707071, 932.9780762505052, 944.3558610101013, 950.0447289535355, 950.0447359353535, 967.1114095838384, 984.1780867232324, 989.8669581575757, 1006.9336318060606, 1012.6225206949496, 1024.0002810181818, 1109.3336178424245, 1115.0225276767678, 1183.28917339798, 1188.9780727595962, 1200.3558505373737, 1217.4225102222226, 1240.178072759596, 1268.622541640404, 1325.5114060929295, 1382.4002914909092, 1427.9113851474751, 1558.755847046465]
Max connection times: [819.2003613090907, 819.2003613090907, 921.6002356363634, 921.6002356363634, 921.6002984727271, 921.6002984727271, 921.6002984727271, 921.6002984727271, 921.6002984727271, 921.6003613090907, 921.6003613090907, 921.6003613090907, 921.6003613090907, 1024.0002356363636, 1024.0002984727273, 1024.0002984727273, 1024.0002984727273, 1024.0002984727273, 1024.000361309091, 1024.000361309091, 1024.000361309091, 1024.000361309091, 1024.000361309091, 1024.000361309091, 1024.000361309091, 1024.000361309091, 1126.4002984727272, 1126.4002984727272, 1126.4002984727272, 1126.4002984727272, 1126.4002984727272, 1126.4002984727272, 1126.4003613090908, 1126.4003613090908, 1126.4003613090908, 1126.4003613090908, 1126.4003613090908, 1126.4003613090908, 1126.4003613090908, 1126.4003613090908, 1228.8002356363636, 1228.8002984727273, 1228.8002984727273, 1228.8002984727273, 1228.8002984727273, 1228.800361309091, 1228.800361309091, 1228.800361309091, 1228.800361309091, 1228.800361309091, 1228.800361309091, 1228.800361309091, 1228.800361309091, 1228.800361309091, 1228.800361309091, 1228.800361309091, 1331.2002356363637, 1331.2002984727274, 1331.2002984727274, 1331.2002984727274, 1331.2002984727274, 1331.200361309091, 1331.200361309091, 1331.200361309091, 1331.200361309091, 1331.200361309091, 1331.200361309091, 1433.6002984727274, 1433.6002984727274, 1433.600361309091, 1433.600361309091, 1433.600361309091, 1433.600361309091, 1433.600361309091, 1433.600361309091, 1433.600361309091, 1433.600361309091, 1536.0002984727275, 1536.0002984727275, 1536.0002984727275, 1536.0003613090912, 1536.0003613090912, 1638.400235636364, 1638.4002984727276, 1638.4002984727276, 1638.4002984727276, 1740.800235636364, 1740.8002984727277, 1740.8002984727277, 1740.8003613090914, 1740.8003613090914, 1740.8003613090914, 1843.2003613090915, 1945.600298472728, 1945.600298472728, 1945.600298472728, 2048.0002984727284, 2048.0002984727284, 2355.2003613090924, 2457.600298472729]


Mobile stations: 22
Avg max intervals taken to connect all mobile stations: 22.48 , time:  2301.952
Average station time taken to connect: 1358.4293895246278
Avg connection times: [628.3639319801651, 633.018480290909, 660.9457473057851, 684.2184688661157, 688.8730428826445, 693.5275769123967, 712.1457501619835, 712.1457587305785, 744.7275711999999, 768.0003041851239, 777.30938652562, 781.9639291239669, 781.9639434049586, 781.9639434049587, 786.618480290909, 795.9275540628097, 795.9275683438017, 800.5821137983471, 800.5821166545454, 805.2366735338842, 809.8911961388429, 823.8548410710744, 828.5093836694214, 833.1639376925618, 837.8184688661157, 851.7821223669421, 865.7457558743802, 870.4003013289256, 870.4003041851239, 884.3639319801653, 889.0184860033058, 893.6730257454545, 907.6366678214877, 907.6366706776859, 916.9457530181819, 916.9457672991738, 944.8730257454547, 954.1821109421488, 963.4912104198346, 963.4912104198348, 968.1457387371902, 977.454829646281, 991.4184745785125, 1000.727562631405, 1014.691204707438, 1033.3093836694215, 1033.3093950942148, 1033.309395094215, 1075.2003156099172, 1098.473020033058, 1154.3275569190087, 1154.327559775207, 1158.9821109421491, 1163.6366563966944, 1172.9457672991737, 1182.2548553520662, 1196.2184745785125, 1200.8730228892566, 1210.1821080859506, 1214.8366563966947, 1214.8366678214877, 1224.145753018182, 1256.7275740561986, 1266.0366478280996, 1275.3457473057852, 1280.000309897521, 1298.6184774347114, 1307.927551206612, 1331.2002984727276, 1354.4730143206614, 1359.127568343802, 1387.0548553520666, 1401.0184717223144, 1410.3275540628101, 1522.036667821488, 1568.5821080859505, 1573.236667821488, 1596.5093893818187, 1703.5639462611578, 1764.0730257454552, 1852.5093922380174, 1908.3639376925632, 2001.4548810578526, 2094.5457558743815, 2155.054855352067, 2229.527568343803, 2234.1821137983484, 2336.582108085952, 2359.8548639206624, 2415.709400806613, 2452.9457701553733, 2508.800289904134, 2569.3093751008278, 2625.1639376925627, 2802.0366621090925, 2992.873045738845, 3821.3821166545454, 3853.963931980166, 3905.1639405487604, 4026.182108085949]
Max connection times: [1228.8002356363636, 1228.800361309091, 1228.800361309091, 1331.200361309091, 1331.200361309091, 1331.200361309091, 1331.200361309091, 1433.6002984727274, 1433.6002984727274, 1433.600361309091, 1433.600361309091, 1433.600361309091, 1433.600361309091, 1433.600361309091, 1433.600361309091, 1433.600361309091, 1433.600361309091, 1536.0002984727275, 1536.0002984727275, 1536.0002984727275, 1536.0002984727275, 1536.0003613090912, 1536.0003613090912, 1536.0003613090912, 1536.0003613090912, 1536.0003613090912, 1536.0003613090912, 1536.0003613090912, 1638.400235636364, 1638.400235636364, 1638.4002984727276, 1638.4002984727276, 1638.4003613090913, 1638.4003613090913, 1638.4003613090913, 1638.4003613090913, 1740.8002984727277, 1740.8002984727277, 1740.8002984727277, 1740.8003613090914, 1740.8003613090914, 1740.8003613090914, 1843.2002984727278, 1843.2002984727278, 1843.2002984727278, 1843.2002984727278, 1843.2003613090915, 1843.2003613090915, 1945.6002356363642, 1945.6003613090916, 1945.6003613090916, 1945.6003613090916, 1945.6003613090916, 1945.6003613090916, 2048.000361309092, 2048.000361309092, 2048.000361309092, 2048.000361309092, 2048.000361309092, 2048.000361309092, 2150.4002984727285, 2150.4002984727285, 2150.4002984727285, 2150.400361309092, 2150.400361309092, 2150.400361309092, 2150.400361309092, 2252.8003613090923, 2355.2003613090924, 2355.2003613090924, 2355.2003613090924, 2355.2003613090924, 2457.6003613090925, 2457.6003613090925, 2457.6003613090925, 2457.6003613090925, 2457.6003613090925, 2662.4003613090927, 2764.8003613090928, 2867.200361309093, 2867.200361309093, 2969.6002984727293, 2969.600361309093, 3072.0002984727294, 3072.0002984727294, 3072.000361309093, 3072.000361309093, 3174.4002984727294, 3174.400361309093, 3276.8002984727295, 3379.2003613090933, 3584.00029847273, 3686.40029847273, 3788.8003613090937, 3891.2003613090938, 4608.000298472726, 4812.800298472725, 4915.200361309089, 4915.200361309089, 5529.600298472723]


Mobile stations: 25
Avg max intervals taken to connect all mobile stations: 29.31 , time:  3001.344
Average station time taken to connect: 1859.7071773165392
Avg connection times: [684.0322959592726, 884.7363009861817, 888.8322884189091, 942.080300986182, 970.7522934458182, 991.2322959592727, 991.2323009861818, 1011.712300986182, 1036.288295959273, 1044.4803034996364, 1060.8642859054546, 1069.056306013091, 1077.2482984727276, 1122.304306013091, 1130.4963034996365, 1134.5923034996363, 1142.7843009861817, 1146.8802884189092, 1159.1682984727274, 1163.2643085265454, 1224.7042884189093, 1232.8963110400005, 1249.280295959273, 1261.5682934458184, 1265.6642833920002, 1282.0483060130912, 1290.2402984727278, 1298.4323110400003, 1331.2003034996367, 1351.680290932364, 1363.968290932364, 1363.9682959592733, 1409.0243009861824, 1409.024303499637, 1413.1202984727277, 1413.120306013091, 1429.5042884189097, 1429.5043060130913, 1470.464293445819, 1495.0402959592734, 1527.808285905455, 1556.4803034996369, 1593.3442934458185, 1613.8243009861826, 1634.3042859054556, 1638.400285905455, 1650.6882884189097, 1662.9763009861827, 1699.8403085265466, 1740.800303499637, 1757.1842959592736, 1757.1843009861827, 1761.2803160669096, 1781.7602909323643, 1794.0482959592732, 1794.0483034996373, 1802.2402909323644, 1810.432298472728, 1822.7202859054553, 1830.9122959592737, 1843.2003034996371, 1855.4882959592733, 1863.680295959274, 1867.7763009861828, 1892.3522909323647, 1908.736311040001, 1929.21628841891, 1982.4643135534557, 2002.944295959274, 2048.0002984727284, 2064.3842859054553, 2158.5922934458195, 2207.7442934458195, 2228.2242833920013, 2240.512300986183, 2269.1842884189105, 2285.568283392001, 2338.8162984727287, 2351.104295959274, 2416.6402984727292, 2424.832290932365, 2461.696298472729, 2478.080295959274, 2568.1922934458194, 2654.20829344582, 2715.648303499638, 2756.6083009861827, 2801.66429344582, 2936.8322909323656, 2990.0803160669107, 3043.3282984727293, 3117.0563210938194, 3125.2482959592744, 3170.304298472728, 3280.896278365093, 3379.200290932365, 3506.176295959273, 3850.240300986182, 3887.104285905455, 5201.920300986177]
Max connection times: [1331.2002984727274, 1638.4003613090913, 1740.800235636364, 1740.8002984727277, 1740.8003613090914, 1740.8003613090914, 1843.2002356363641, 1843.2002984727278, 1843.2003613090915, 1843.2003613090915, 1945.600298472728, 1945.600298472728, 1945.600298472728, 1945.6003613090916, 2048.0002984727284, 2048.0002984727284, 2048.0002984727284, 2048.000361309092, 2048.000361309092, 2048.000361309092, 2150.400235636365, 2150.400235636365, 2150.4002984727285, 2150.400361309092, 2150.400361309092, 2150.400361309092, 2150.400361309092, 2252.8003613090923, 2252.8003613090923, 2355.2003613090924, 2355.2003613090924, 2355.2003613090924, 2355.2003613090924, 2355.2003613090924, 2457.600298472729, 2457.6003613090925, 2457.6003613090925, 2457.6003613090925, 2457.6003613090925, 2457.6003613090925, 2560.000298472729, 2560.0003613090926, 2560.0003613090926, 2560.0003613090926, 2560.0003613090926, 2560.0003613090926, 2560.0003613090926, 2662.4002356363653, 2662.400298472729, 2662.400298472729, 2662.4003613090927, 2662.4003613090927, 2764.800298472729, 2764.800298472729, 2764.8003613090928, 2764.8003613090928, 2867.200298472729, 2867.200361309093, 2867.200361309093, 2867.200361309093, 2969.600361309093, 3072.0002984727294, 3072.0002984727294, 3072.0002984727294, 3072.0002984727294, 3072.0002984727294, 3174.4002984727294, 3174.4002984727294, 3174.400361309093, 3174.400361309093, 3174.400361309093, 3276.800361309093, 3276.800361309093, 3379.200235636366, 3379.2003613090933, 3481.6002984727297, 3481.6002984727297, 3481.6003613090934, 3481.6003613090934, 3686.4002356363662, 3686.4003613090936, 3686.4003613090936, 3788.80029847273, 3788.8003613090937, 3993.60029847273, 3993.60029847273, 3993.600361309094, 3993.600361309094, 4096.000361309092, 4096.000361309092, 4198.400298472728, 4198.400361309092, 4198.400361309092, 4300.800361309091, 4608.000235636363, 4608.00036130909, 5017.6002356363615, 5017.600361309089, 5120.000235636361, 7168.000361309081]
Avg connection no sorting: [2064.3842859054553, 3170.304298472728, 1249.280295959273, 1409.024303499637, 1261.5682934458184, 888.8322884189091, 2654.20829344582, 1044.4803034996364, 1298.4323110400003, 1613.8243009861826, 2416.6402984727292, 1290.2402984727278, 2461.696298472729, 1794.0483034996373, 2801.66429344582, 1892.3522909323647, 1122.304306013091, 1069.056306013091, 3125.2482959592744, 1802.2402909323644, 3280.896278365093, 2715.648303499638, 1142.7843009861817, 1830.9122959592737, 1843.2003034996371, 2207.7442934458195, 2568.1922934458194, 1265.6642833920002, 1224.7042884189093, 1740.800303499637, 1060.8642859054546, 1781.7602909323643, 1470.464293445819, 1232.8963110400005, 2338.8162984727287, 3506.176295959273, 1134.5923034996363, 1527.808285905455, 2351.104295959274, 1822.7202859054553, 3887.104285905455, 884.7363009861817, 2936.8322909323656, 1036.288295959273, 3379.200290932365, 684.0322959592726, 2269.1842884189105, 3117.0563210938194, 1757.1842959592736, 1810.432298472728, 1077.2482984727276, 1662.9763009861827, 1867.7763009861828, 2990.0803160669107, 2228.2242833920013, 2424.832290932365, 1794.0482959592732, 1650.6882884189097, 1638.400285905455, 1159.1682984727274, 970.7522934458182, 1908.736311040001, 5201.920300986177, 1331.2003034996367, 1429.5043060130913, 1863.680295959274, 1363.968290932364, 1634.3042859054556, 2002.944295959274, 991.2323009861818, 1593.3442934458185, 991.2322959592727, 2285.568283392001, 1130.4963034996365, 3043.3282984727293, 1556.4803034996369, 3850.240300986182, 2048.0002984727284, 1351.680290932364, 2158.5922934458195, 1413.120306013091, 1855.4882959592733, 1413.1202984727277, 1363.9682959592733, 1929.21628841891, 2240.512300986183, 2478.080295959274, 1011.712300986182, 1982.4643135534557, 1495.0402959592734, 1761.2803160669096, 1429.5042884189097, 1146.8802884189092, 1282.0483060130912, 2756.6083009861827, 1409.0243009861824, 1163.2643085265454, 942.080300986182, 1699.8403085265466, 1757.1843009861827]
Max connection no sorting: [3174.400361309093, 4300.800361309091, 2150.4002984727285, 2355.2003613090924, 2150.400361309092, 1740.800235636364, 3993.60029847273, 1843.2003613090915, 2252.8003613090923, 2560.0003613090926, 3686.4002356363662, 2150.400361309092, 3686.4003613090936, 2764.8003613090928, 3993.600361309094, 3072.0002984727294, 1945.6003613090916, 1945.600298472728, 4198.400361309092, 2867.200298472729, 4608.000235636363, 3993.60029847273, 2048.0002984727284, 2867.200361309093, 2969.600361309093, 3276.800361309093, 3788.8003613090937, 2150.400361309092, 2150.400235636365, 2662.400298472729, 1945.600298472728, 2764.800298472729, 2457.6003613090925, 2150.400235636365, 3481.6003613090934, 5017.6002356363615, 2048.0002984727284, 2560.000298472729, 3481.6003613090934, 2867.200361309093, 5120.000235636361, 1638.4003613090913, 4096.000361309092, 1843.2003613090915, 4608.00036130909, 1331.2002984727274, 3481.6002984727297, 4198.400361309092, 2662.4003613090927, 2867.200361309093, 1945.600298472728, 2662.4002356363653, 3072.0002984727294, 4096.000361309092, 3379.200235636366, 3686.4003613090936, 2764.8003613090928, 2560.0003613090926, 2560.0003613090926, 2048.000361309092, 1740.8003613090914, 3072.0002984727294, 7168.000361309081, 2252.8003613090923, 2457.6003613090925, 3072.0002984727294, 2355.2003613090924, 2560.0003613090926, 3174.400361309093, 1843.2002356363641, 2560.0003613090926, 1740.8003613090914, 3481.6002984727297, 2048.0002984727284, 4198.400298472728, 2560.0003613090926, 5017.600361309089, 3174.400361309093, 2355.2003613090924, 3276.800361309093, 2457.6003613090925, 3072.0002984727294, 2457.600298472729, 2355.2003613090924, 3174.4002984727294, 3379.2003613090933, 3788.80029847273, 1843.2002984727278, 3174.4002984727294, 2457.6003613090925, 2764.800298472729, 2457.6003613090925, 2048.000361309092, 2150.400361309092, 3993.600361309094, 2355.2003613090924, 2048.000361309092, 1740.8002984727277, 2662.400298472729, 2662.4003613090927]
