AP position [0, 0, 0.0]
AP sectors 12
Mob sectors: 4
Sls slots: 4


Mobile stations: 1
Avg max intervals taken to connect all mobile stations: 1.0 , time:  102.4
Average station time taken to connect: 0.0003286341818181816
Avg connection times: [0.00023563636363636362, 0.00023563636363636362, 0.00023563636363636362, 0.00023563636363636362, 0.00023563636363636362, 0.00023563636363636362, 0.00023563636363636362, 0.00023563636363636362, 0.00023563636363636362, 0.00023563636363636362, 0.00023563636363636362, 0.00023563636363636362, 0.00023563636363636362, 0.00023563636363636362, 0.00023563636363636362, 0.00023563636363636362, 0.00023563636363636362, 0.00023563636363636362, 0.00023563636363636362, 0.00023563636363636362, 0.00023563636363636362, 0.00023563636363636362, 0.00023563636363636362, 0.00029847272727272727, 0.00029847272727272727, 0.00029847272727272727, 0.00029847272727272727, 0.00029847272727272727, 0.00029847272727272727, 0.00029847272727272727, 0.00029847272727272727, 0.00029847272727272727, 0.00029847272727272727, 0.00029847272727272727, 0.00029847272727272727, 0.00029847272727272727, 0.00029847272727272727, 0.00029847272727272727, 0.00029847272727272727, 0.00029847272727272727, 0.00029847272727272727, 0.00029847272727272727, 0.00029847272727272727, 0.00029847272727272727, 0.00029847272727272727, 0.00029847272727272727, 0.00029847272727272727, 0.00029847272727272727, 0.00029847272727272727, 0.00029847272727272727, 0.00029847272727272727, 0.00029847272727272727, 0.0003613090909090909, 0.0003613090909090909, 0.0003613090909090909, 0.0003613090909090909, 0.0003613090909090909, 0.0003613090909090909, 0.0003613090909090909, 0.0003613090909090909, 0.0003613090909090909, 0.0003613090909090909, 0.0003613090909090909, 0.0003613090909090909, 0.0003613090909090909, 0.0003613090909090909, 0.0003613090909090909, 0.0003613090909090909, 0.0003613090909090909, 0.0003613090909090909, 0.0003613090909090909, 0.0003613090909090909, 0.0003613090909090909, 0.0003613090909090909, 0.0003613090909090909, 0.0003613090909090909, 0.0003613090909090909, 0.0004241454545454545, 0.0004241454545454545, 0.0004241454545454545, 0.0004241454545454545, 0.0004241454545454545, 0.0004241454545454545, 0.0004241454545454545, 0.0004241454545454545, 0.0004241454545454545, 0.0004241454545454545, 0.0004241454545454545, 0.0004241454545454545, 0.0004241454545454545, 0.0004241454545454545, 0.0004241454545454545, 0.0004241454545454545, 0.0004241454545454545, 0.0004241454545454545, 0.0004241454545454545, 0.0004241454545454545, 0.0004241454545454545, 0.0004241454545454545, 0.0004241454545454545]
Max connection times: [0.00023563636363636362, 0.00023563636363636362, 0.00023563636363636362, 0.00023563636363636362, 0.00023563636363636362, 0.00023563636363636362, 0.00023563636363636362, 0.00023563636363636362, 0.00023563636363636362, 0.00023563636363636362, 0.00023563636363636362, 0.00023563636363636362, 0.00023563636363636362, 0.00023563636363636362, 0.00023563636363636362, 0.00023563636363636362, 0.00023563636363636362, 0.00023563636363636362, 0.00023563636363636362, 0.00023563636363636362, 0.00023563636363636362, 0.00023563636363636362, 0.00023563636363636362, 0.00029847272727272727, 0.00029847272727272727, 0.00029847272727272727, 0.00029847272727272727, 0.00029847272727272727, 0.00029847272727272727, 0.00029847272727272727, 0.00029847272727272727, 0.00029847272727272727, 0.00029847272727272727, 0.00029847272727272727, 0.00029847272727272727, 0.00029847272727272727, 0.00029847272727272727, 0.00029847272727272727, 0.00029847272727272727, 0.00029847272727272727, 0.00029847272727272727, 0.00029847272727272727, 0.00029847272727272727, 0.00029847272727272727, 0.00029847272727272727, 0.00029847272727272727, 0.00029847272727272727, 0.00029847272727272727, 0.00029847272727272727, 0.00029847272727272727, 0.00029847272727272727, 0.00029847272727272727, 0.0003613090909090909, 0.0003613090909090909, 0.0003613090909090909, 0.0003613090909090909, 0.0003613090909090909, 0.0003613090909090909, 0.0003613090909090909, 0.0003613090909090909, 0.0003613090909090909, 0.0003613090909090909, 0.0003613090909090909, 0.0003613090909090909, 0.0003613090909090909, 0.0003613090909090909, 0.0003613090909090909, 0.0003613090909090909, 0.0003613090909090909, 0.0003613090909090909, 0.0003613090909090909, 0.0003613090909090909, 0.0003613090909090909, 0.0003613090909090909, 0.0003613090909090909, 0.0003613090909090909, 0.0003613090909090909, 0.0004241454545454545, 0.0004241454545454545, 0.0004241454545454545, 0.0004241454545454545, 0.0004241454545454545, 0.0004241454545454545, 0.0004241454545454545, 0.0004241454545454545, 0.0004241454545454545, 0.0004241454545454545, 0.0004241454545454545, 0.0004241454545454545, 0.0004241454545454545, 0.0004241454545454545, 0.0004241454545454545, 0.0004241454545454545, 0.0004241454545454545, 0.0004241454545454545, 0.0004241454545454545, 0.0004241454545454545, 0.0004241454545454545, 0.0004241454545454545, 0.0004241454545454545]


Mobile stations: 2
Avg max intervals taken to connect all mobile stations: 1.25 , time:  128.0
Average station time taken to connect: 18.94432643490911
Avg connection times: [0.00026705454545454543, 0.00026705454545454543, 0.00026705454545454543, 0.00026705454545454543, 0.00026705454545454543, 0.00026705454545454543, 0.00026705454545454543, 0.00026705454545454543, 0.00026705454545454543, 0.00026705454545454543, 0.00026705454545454543, 0.00026705454545454543, 0.00026705454545454543, 0.00026705454545454543, 0.00026705454545454543, 0.00029847272727272727, 0.00029847272727272727, 0.00029847272727272727, 0.00029847272727272727, 0.00029847272727272727, 0.00029847272727272727, 0.00029847272727272727, 0.00029847272727272727, 0.00029847272727272727, 0.00029847272727272727, 0.00029847272727272727, 0.00029847272727272727, 0.00029847272727272727, 0.00029847272727272727, 0.00032989090909090905, 0.00032989090909090905, 0.00032989090909090905, 0.00032989090909090905, 0.00032989090909090905, 0.00032989090909090905, 0.00032989090909090905, 0.00032989090909090905, 0.00032989090909090905, 0.00032989090909090905, 0.0003298909090909091, 0.0003298909090909091, 0.0003298909090909091, 0.0003298909090909091, 0.0003298909090909091, 0.0003298909090909091, 0.0003298909090909091, 0.0003298909090909091, 0.0003298909090909091, 0.0003298909090909091, 0.0003298909090909091, 0.0003298909090909091, 0.0003298909090909091, 0.0003298909090909091, 0.0003298909090909091, 0.0003298909090909091, 0.0003298909090909091, 0.0003298909090909091, 0.0003298909090909091, 0.0003613090909090909, 0.0003613090909090909, 0.0003613090909090909, 0.0003613090909090909, 0.0003613090909090909, 0.0003613090909090909, 0.0003613090909090909, 0.0003613090909090909, 0.0003613090909090909, 0.0003613090909090909, 0.0003613090909090909, 0.0003927272727272727, 0.0003927272727272727, 0.0003927272727272727, 0.0003927272727272727, 0.0003927272727272727, 0.0003927272727272727, 0.0003927272727272727, 0.0003927272727272727, 0.0003927272727272727, 51.200235636363644, 51.200235636363644, 51.20026705454546, 51.200298472727276, 51.20029847272728, 51.200329890909096, 51.200329890909096, 51.200329890909096, 51.20039272727273, 51.20039272727273, 51.200392727272735, 51.20042414545455, 51.20042414545455, 102.40026705454547, 102.40026705454547, 102.40032989090909, 102.40032989090909, 102.4003298909091, 102.40039272727273, 102.40039272727273, 204.80032989090915, 307.20039272727274]
Max connection times: [0.00029847272727272727, 0.00029847272727272727, 0.00029847272727272727, 0.00029847272727272727, 0.00029847272727272727, 0.00029847272727272727, 0.00029847272727272727, 0.00029847272727272727, 0.00029847272727272727, 0.00029847272727272727, 0.00029847272727272727, 0.00029847272727272727, 0.00029847272727272727, 0.00029847272727272727, 0.00029847272727272727, 0.0003613090909090909, 0.0003613090909090909, 0.0003613090909090909, 0.0003613090909090909, 0.0003613090909090909, 0.0003613090909090909, 0.0003613090909090909, 0.0003613090909090909, 0.0003613090909090909, 0.0003613090909090909, 0.0003613090909090909, 0.0003613090909090909, 0.0003613090909090909, 0.0003613090909090909, 0.0003613090909090909, 0.0003613090909090909, 0.0003613090909090909, 0.0003613090909090909, 0.0003613090909090909, 0.0003613090909090909, 0.0003613090909090909, 0.0003613090909090909, 0.0003613090909090909, 0.0003613090909090909, 0.0003613090909090909, 0.0003613090909090909, 0.0003613090909090909, 0.0003613090909090909, 0.0003613090909090909, 0.0003613090909090909, 0.0003613090909090909, 0.0003613090909090909, 0.0003613090909090909, 0.0004241454545454545, 0.0004241454545454545, 0.0004241454545454545, 0.0004241454545454545, 0.0004241454545454545, 0.0004241454545454545, 0.0004241454545454545, 0.0004241454545454545, 0.0004241454545454545, 0.0004241454545454545, 0.0004241454545454545, 0.0004241454545454545, 0.0004241454545454545, 0.0004241454545454545, 0.0004241454545454545, 0.0004241454545454545, 0.0004241454545454545, 0.0004241454545454545, 0.0004241454545454545, 0.0004241454545454545, 0.0004241454545454545, 0.0004241454545454545, 0.0004241454545454545, 0.0004241454545454545, 0.0004241454545454545, 0.0004241454545454545, 0.0004241454545454545, 0.0004241454545454545, 0.0004241454545454545, 0.0004241454545454545, 102.40023563636365, 102.40023563636365, 102.40023563636365, 102.40023563636365, 102.40029847272729, 102.40029847272729, 102.40029847272729, 102.40029847272729, 102.40029847272729, 102.40036130909093, 102.40036130909093, 102.40036130909093, 102.40042414545455, 102.40042414545455, 102.40042414545455, 102.40042414545455, 102.40042414545455, 102.40042414545455, 102.40042414545455, 102.40042414545455, 204.8004241454546, 307.2004241454546]


Mobile stations: 4
Avg max intervals taken to connect all mobile stations: 2.19 , time:  224.256
Average station time taken to connect: 52.99232706327273
Avg connection times: [0.00032989090909090905, 0.00032989090909090905, 0.00032989090909090905, 0.00032989090909090905, 0.00032989090909090905, 0.00032989090909090905, 0.00032989090909090905, 0.00032989090909090905, 0.00032989090909090905, 0.00032989090909090905, 0.00032989090909090905, 0.00032989090909090905, 0.00032989090909090905, 25.600282763636365, 25.600282763636365, 25.600298472727275, 25.600298472727275, 25.600298472727275, 25.600314181818185, 25.600314181818185, 25.600314181818185, 25.600314181818185, 25.600314181818185, 25.600314181818185, 25.600314181818185, 25.600314181818185, 25.600314181818185, 25.60032989090909, 25.60032989090909, 25.60032989090909, 25.600329890909094, 25.600329890909094, 25.600329890909094, 25.600329890909094, 25.600329890909094, 25.600329890909094, 25.600329890909094, 25.600345600000004, 25.600345600000004, 25.600345600000004, 25.600345600000004, 25.600345600000004, 25.60036130909091, 25.60036130909091, 25.600361309090914, 25.600361309090914, 25.600361309090914, 25.600361309090914, 25.60037701818182, 25.60037701818182, 25.60037701818182, 51.20026705454546, 51.20026705454546, 51.200282763636366, 51.200282763636366, 51.20029847272728, 51.20029847272728, 51.200314181818186, 51.200314181818186, 51.200314181818186, 51.200329890909096, 51.200329890909096, 51.200345600000006, 51.200345600000006, 51.200361309090916, 51.200377018181825, 76.80028276363637, 76.80029847272728, 76.80029847272729, 76.80029847272729, 76.80031418181818, 76.8003298909091, 76.8003298909091, 76.80034560000001, 76.80036130909092, 76.80039272727274, 102.40026705454548, 102.40029847272729, 102.40029847272729, 102.40029847272729, 102.40029847272729, 102.4003141818182, 102.4003141818182, 102.4003141818182, 102.4003141818182, 102.4003141818182, 102.4003298909091, 102.40032989090912, 102.40034560000002, 102.40036130909093, 102.40036130909093, 102.40036130909093, 102.40037701818184, 102.40039272727275, 128.00025134545456, 128.00032989090911, 128.00032989090911, 128.00036130909092, 204.8003456, 230.4003141818182]
Max connection times: [0.0004241454545454545, 0.0004241454545454545, 0.0004241454545454545, 0.0004241454545454545, 0.0004241454545454545, 0.0004241454545454545, 0.0004241454545454545, 0.0004241454545454545, 0.0004241454545454545, 0.0004241454545454545, 0.0004241454545454545, 0.0004241454545454545, 0.0004241454545454545, 102.40023563636365, 102.40023563636365, 102.40023563636365, 102.40023563636365, 102.40029847272729, 102.40029847272729, 102.40029847272729, 102.40029847272729, 102.40029847272729, 102.40029847272729, 102.40029847272729, 102.40029847272729, 102.40029847272729, 102.40029847272729, 102.40029847272729, 102.40029847272729, 102.40029847272729, 102.40029847272729, 102.40029847272729, 102.40029847272729, 102.40036130909093, 102.40036130909093, 102.40036130909093, 102.40036130909093, 102.40036130909093, 102.40036130909093, 102.40036130909093, 102.40036130909093, 102.40036130909093, 102.40036130909093, 102.40036130909093, 102.40036130909093, 102.40036130909093, 102.40036130909093, 102.40036130909093, 102.40036130909093, 102.40036130909093, 102.40036130909093, 102.40036130909093, 102.40036130909093, 102.40036130909093, 102.40036130909093, 102.40036130909093, 102.40036130909093, 102.40036130909093, 102.40036130909093, 102.40042414545455, 102.40042414545455, 102.40042414545455, 102.40042414545455, 102.40042414545455, 102.40042414545455, 102.40042414545455, 102.40042414545455, 102.40042414545455, 102.40042414545455, 102.40042414545455, 102.40042414545455, 102.40042414545455, 204.80023563636368, 204.80023563636368, 204.80023563636368, 204.80023563636368, 204.80023563636368, 204.80029847272732, 204.80029847272732, 204.80029847272732, 204.80029847272732, 204.80029847272732, 204.80029847272732, 204.80029847272732, 204.80036130909096, 204.80036130909096, 204.80036130909096, 204.80036130909096, 204.80036130909096, 204.80036130909096, 204.80036130909096, 204.80036130909096, 204.8004241454546, 204.8004241454546, 204.8004241454546, 204.8004241454546, 204.8004241454546, 204.8004241454546, 409.60036130909094, 409.60042414545455]


Mobile stations: 6
Avg max intervals taken to connect all mobile stations: 2.85 , time:  291.84000000000003
Average station time taken to connect: 82.0909968717576
Avg connection times: [34.13364227878788, 34.13364227878788, 34.13364227878788, 34.13364227878788, 34.13364227878788, 34.13365275151515, 34.13365275151515, 34.13365275151515, 34.133663224242426, 34.133663224242426, 34.133663224242426, 34.133663224242426, 34.133663224242426, 34.133663224242426, 34.133663224242426, 34.13366322424243, 34.13366322424243, 34.1336736969697, 34.13368416969697, 34.13368416969697, 51.200308945454545, 51.20030894545456, 51.20031941818183, 51.20031941818183, 51.20031941818183, 51.200329890909096, 51.200329890909096, 51.20034036363637, 51.20034036363637, 51.20034036363637, 51.20034036363637, 51.20034036363637, 51.20035083636364, 51.20035083636364, 51.20035083636365, 51.200361309090916, 68.26696513939395, 68.26696513939395, 68.26697561212121, 68.26697561212121, 68.26697561212121, 68.2669860848485, 68.2669860848485, 68.26699655757578, 68.26700703030305, 68.26700703030305, 68.26700703030305, 85.33362133333334, 85.33364227878788, 85.3336422787879, 85.3336422787879, 85.3336422787879, 85.33365275151516, 85.33366322424244, 85.33366322424244, 85.33367369696971, 85.33367369696971, 85.33367369696971, 85.33367369696971, 85.33367369696971, 85.33367369696971, 85.33368416969698, 85.33368416969698, 85.33368416969698, 85.333684169697, 85.33369464242425, 85.33370511515153, 102.40030894545457, 102.40031941818184, 102.40031941818184, 102.40031941818184, 102.4003298909091, 102.40032989090912, 102.40032989090912, 102.40032989090912, 102.40034036363637, 102.4003403636364, 102.40035083636364, 119.46697561212123, 119.46699655757578, 119.46700703030307, 119.46700703030307, 119.46701750303032, 119.46701750303032, 119.46701750303032, 119.4670279757576, 119.4670279757576, 136.53363180606064, 136.53365275151518, 136.53367369696971, 136.53370511515155, 153.6002984727273, 153.60030894545457, 153.60030894545457, 153.60035083636365, 170.66696513939394, 170.6669965575758, 170.66701750303034, 187.73365275151517, 187.73368416969697]
Max connection times: [102.40029847272729, 102.40029847272729, 102.40029847272729, 102.40029847272729, 102.40029847272729, 102.40036130909093, 102.40036130909093, 102.40036130909093, 102.40036130909093, 102.40036130909093, 102.40036130909093, 102.40042414545455, 102.40042414545455, 102.40042414545455, 102.40042414545455, 102.40042414545455, 102.40042414545455, 102.40042414545455, 102.40042414545455, 102.40042414545455, 102.40042414545455, 102.40042414545455, 102.40042414545455, 102.40042414545455, 102.40042414545455, 102.40042414545455, 102.40042414545455, 102.40042414545455, 102.40042414545455, 102.40042414545455, 102.40042414545455, 204.80023563636368, 204.80023563636368, 204.80023563636368, 204.80023563636368, 204.80023563636368, 204.80023563636368, 204.80023563636368, 204.80023563636368, 204.80023563636368, 204.80023563636368, 204.80023563636368, 204.80029847272732, 204.80029847272732, 204.80029847272732, 204.80029847272732, 204.80029847272732, 204.80029847272732, 204.80029847272732, 204.80029847272732, 204.80029847272732, 204.80029847272732, 204.80029847272732, 204.80029847272732, 204.80029847272732, 204.80029847272732, 204.80036130909096, 204.80036130909096, 204.80036130909096, 204.80036130909096, 204.80036130909096, 204.80036130909096, 204.80036130909096, 204.80036130909096, 204.80036130909096, 204.80036130909096, 204.8004241454546, 204.8004241454546, 204.8004241454546, 204.8004241454546, 204.8004241454546, 204.8004241454546, 204.8004241454546, 204.8004241454546, 204.8004241454546, 204.8004241454546, 204.8004241454546, 204.8004241454546, 204.8004241454546, 204.8004241454546, 204.8004241454546, 204.8004241454546, 204.8004241454546, 204.8004241454546, 204.8004241454546, 204.8004241454546, 204.8004241454546, 307.2002356363637, 307.2002984727273, 307.2002984727273, 307.20036130909097, 307.20036130909097, 307.20036130909097, 307.2004241454546, 307.2004241454546, 307.2004241454546, 307.2004241454546, 409.60036130909094, 409.60042414545455, 409.60042414545455]


Mobile stations: 10
Avg max intervals taken to connect all mobile stations: 4.57 , time:  467.9680000000001
Average station time taken to connect: 167.8339307706182
Avg connection times: [81.92032360727273, 81.92034245818184, 81.92034245818184, 92.16032360727274, 92.16032989090911, 102.40031104000002, 102.40032360727272, 102.40032360727275, 102.40033617454546, 102.40034245818183, 112.64030475636366, 112.64031104000003, 112.64031732363637, 112.64031732363637, 112.64032360727273, 112.64032360727273, 112.64032360727273, 112.6403298909091, 112.6403298909091, 112.64034245818183, 112.6403487418182, 112.6403487418182, 112.64035502545457, 122.88030475636364, 122.88030475636364, 122.88031732363638, 122.88031732363638, 122.88033617454548, 122.88033617454548, 122.88034245818183, 122.88035502545458, 133.12031104000002, 133.12032360727272, 133.12032360727275, 133.12033617454549, 133.12034874181822, 143.36031104000003, 143.36033617454544, 143.36033617454547, 143.36033617454547, 153.60031732363638, 153.6003173236364, 153.60033617454548, 153.60033617454548, 153.60034245818184, 163.84031104000002, 163.84031104000005, 163.84031732363638, 163.8403173236364, 163.84032360727272, 163.84032989090912, 163.84032989090912, 163.84033617454548, 163.84033617454548, 163.84035502545458, 174.0802984727273, 174.08030475636366, 174.08032360727276, 174.0803361745455, 174.08034245818186, 174.0803487418182, 174.08036130909093, 184.3203298909091, 184.32033617454547, 184.3203361745455, 184.32034245818184, 184.32034874181824, 184.32035502545457, 184.32036130909088, 194.56032360727272, 194.56032360727275, 194.56032989090912, 194.56033617454545, 194.56034245818182, 204.80031104000005, 204.80032360727273, 204.8003236072728, 204.8003298909091, 204.80032989090915, 204.8003424581819, 215.0403047563637, 215.0403236072728, 215.04033617454553, 215.04034245818178, 215.0403424581819, 215.04034874181826, 215.04036130909094, 225.28034245818185, 235.5203173236364, 245.76031732363634, 256.0003424581818, 266.2403361745454, 276.48032989090905, 276.4803361745454, 286.7203173236363, 286.7203173236364, 286.7203236072727, 286.7203487418182, 296.96032989090907, 307.2003487418182]
Max connection times: [204.80036130909096, 204.80036130909096, 204.8004241454546, 204.8004241454546, 204.8004241454546, 204.8004241454546, 204.8004241454546, 204.8004241454546, 204.8004241454546, 204.8004241454546, 204.8004241454546, 204.8004241454546, 307.2002356363637, 307.2002356363637, 307.2002356363637, 307.2002984727273, 307.2002984727273, 307.2002984727273, 307.2002984727273, 307.2002984727273, 307.2002984727273, 307.2002984727273, 307.20036130909097, 307.20036130909097, 307.20036130909097, 307.20036130909097, 307.20036130909097, 307.20036130909097, 307.20036130909097, 307.20036130909097, 307.20036130909097, 307.20036130909097, 307.20036130909097, 307.20036130909097, 307.2004241454546, 307.2004241454546, 307.2004241454546, 307.2004241454546, 307.2004241454546, 307.2004241454546, 307.2004241454546, 307.2004241454546, 307.2004241454546, 307.2004241454546, 307.2004241454546, 307.2004241454546, 307.2004241454546, 307.2004241454546, 307.2004241454546, 307.2004241454546, 307.2004241454546, 307.2004241454546, 409.60023563636366, 409.6002984727273, 409.6002984727273, 409.6002984727273, 409.6002984727273, 409.60036130909094, 409.60036130909094, 409.60036130909094, 409.60036130909094, 409.60036130909094, 409.60036130909094, 409.60036130909094, 409.60036130909094, 409.60036130909094, 409.60036130909094, 409.60036130909094, 409.60042414545455, 409.60042414545455, 409.60042414545455, 409.60042414545455, 409.60042414545455, 409.60042414545455, 409.60042414545455, 409.60042414545455, 409.60042414545455, 409.60042414545455, 409.60042414545455, 409.60042414545455, 409.60042414545455, 409.60042414545455, 409.60042414545455, 409.60042414545455, 512.0002356363635, 512.0002356363635, 512.0003613090907, 512.0003613090907, 512.0003613090907, 512.0003613090907, 512.0004241454544, 512.0004241454544, 512.0004241454544, 512.0004241454544, 512.0004241454544, 512.0004241454544, 512.0004241454544, 614.4002984727272, 614.4003613090907, 819.2003613090907]


Mobile stations: 14
Avg max intervals taken to connect all mobile stations: 6.54 , time:  669.696
Average station time taken to connect: 273.627759404883
Avg connection times: [131.65746825974028, 160.91460662857145, 168.22890580779224, 175.54316459220783, 175.5431780571429, 175.54318254545458, 175.54320049870134, 182.85746825974027, 182.8574682597403, 182.857472748052, 182.85749070129876, 190.1717494857143, 197.48603071168833, 197.4860486649351, 197.4860486649351, 197.4860486649351, 197.48605315324676, 197.48605315324681, 197.4860711064936, 204.8003074493507, 204.80032091428578, 204.8003343792208, 212.11460662857144, 212.11462009350655, 212.11462009350655, 212.1146245818182, 219.42888785454548, 219.42890131948053, 219.42890580779223, 219.42891029610396, 226.74318254545457, 226.74319152207798, 226.74321845194805, 234.05745030649354, 234.05748172467534, 234.0574907012987, 234.05749518961042, 241.37173602077928, 241.37174499740263, 241.37175397402598, 241.3717674389611, 248.68603520000002, 248.68604417662337, 248.68604417662337, 248.68604866493504, 248.6860486649351, 256.0003074493507, 256.0003074493507, 256.0003209142857, 256.0003298909091, 256.00033437922076, 256.0003343792208, 263.31460214025975, 263.31461111688316, 263.3146200935065, 263.31464253506493, 270.62890131948046, 270.6289147844156, 277.94318254545453, 277.94318703376626, 277.94319152207794, 285.2574682597403, 292.57175397402597, 292.57175397402597, 292.57175846233764, 292.5717584623377, 292.57177192727266, 292.57178090389607, 299.88605315324673, 299.88605315324673, 307.20032540259734, 307.20033437922075, 307.2003433558442, 314.51462458181817, 321.82890131948045, 321.8289058077922, 321.82891029610386, 329.1431825454545, 329.1431825454546, 329.14319152207787, 336.4574727480519, 336.457472748052, 343.77178090389606, 351.0860217350649, 351.0860396883117, 351.0860576415584, 358.400316425974, 358.40032540259745, 365.7146245818181, 373.02890131948044, 373.0289013194805, 380.3431825454545, 380.3431870337661, 387.6574996779221, 416.9146200935064, 453.4860531532467, 468.1145976519479, 482.7432094753246, 512.0003074493507, 555.8860441766234]
Max connection times: [307.20036130909097, 409.60023563636366, 409.60023563636366, 409.6002984727273, 409.6002984727273, 409.60036130909094, 409.60036130909094, 409.60036130909094, 409.60036130909094, 409.60042414545455, 409.60042414545455, 409.60042414545455, 409.60042414545455, 409.60042414545455, 409.60042414545455, 409.60042414545455, 409.60042414545455, 409.60042414545455, 409.60042414545455, 409.60042414545455, 409.60042414545455, 409.60042414545455, 512.0002356363635, 512.0002356363635, 512.0002356363635, 512.0002984727272, 512.0002984727272, 512.0002984727272, 512.0002984727272, 512.0002984727272, 512.0002984727272, 512.0003613090907, 512.0003613090907, 512.0003613090907, 512.0003613090907, 512.0003613090907, 512.0003613090907, 512.0003613090907, 512.0003613090907, 512.0003613090907, 512.0003613090907, 512.0003613090907, 512.0004241454544, 512.0004241454544, 512.0004241454544, 512.0004241454544, 512.0004241454544, 512.0004241454544, 512.0004241454544, 512.0004241454544, 512.0004241454544, 512.0004241454544, 512.0004241454544, 512.0004241454544, 512.0004241454544, 614.4002356363635, 614.4002356363635, 614.4002984727272, 614.4002984727272, 614.4002984727272, 614.4002984727272, 614.4003613090907, 614.4003613090907, 614.4003613090907, 614.4003613090907, 614.4003613090907, 614.4003613090907, 614.4003613090907, 614.4003613090907, 614.4003613090907, 614.4003613090907, 614.4004241454544, 614.4004241454544, 614.4004241454544, 614.4004241454544, 614.4004241454544, 614.4004241454544, 614.4004241454544, 614.4004241454544, 614.4004241454544, 614.4004241454544, 716.8002356363635, 716.8002984727271, 716.8002984727271, 716.8002984727271, 716.8003613090907, 716.8003613090907, 716.8004241454544, 716.8004241454544, 716.8004241454544, 716.8004241454544, 819.2002984727271, 819.2004241454543, 819.2004241454543, 819.2004241454543, 819.2004241454543, 819.2004241454543, 921.6004241454543, 921.6004241454543, 1024.0004241454546]


Mobile stations: 18
Avg max intervals taken to connect all mobile stations: 8.49 , time:  869.3760000000001
Average station time taken to connect: 384.68299578957556
Avg connection times: [227.55589242828287, 238.93366322424248, 238.9336702060606, 238.93367020606067, 244.62253465858586, 250.31142703838384, 256.00032639999995, 261.68921528888893, 273.06700004848483, 273.06700004848483, 278.75587846464646, 278.75588195555554, 284.4447638626263, 284.4447778262626, 284.4447778262626, 290.13365624242425, 295.82255560404036, 301.51145147474745, 307.2003229090909, 312.88920481616157, 312.8892117979798, 318.57810068686865, 324.26699306666666, 329.9558784646464, 329.955899410101, 335.64477433535353, 335.6447848080807, 335.64478480808083, 335.64478829898985, 341.3336736969697, 341.33368067878786, 347.0225311676767, 347.0225346585858, 347.02258353131305, 352.7114479838383, 352.7114479838383, 352.7114479838383, 352.71144798383835, 352.71145845656554, 358.4003438545454, 364.08920481616155, 364.0892117979798, 364.0892257616162, 369.77809021414134, 369.77809021414134, 369.7780937050504, 369.7781041777778, 369.778114650505, 375.46698957575745, 375.46698957575757, 375.46699306666665, 375.46700004848475, 375.46700004848475, 375.4670140121212, 381.1558889373736, 381.1558889373737, 386.844756880808, 386.84476386262617, 392.53366322424233, 398.2225451313131, 398.2225625858585, 403.91143052929294, 403.91143751111105, 403.91145147474737, 403.9114584565656, 409.60030545454543, 409.6003438545454, 409.60034385454543, 415.2892048161616, 415.28920830707057, 415.2892152888887, 415.28921528888884, 415.289222270707, 420.97809370505047, 420.978111159596, 420.97811465050495, 426.6670105212121, 432.35587846464637, 432.3558889373737, 438.04478131717156, 455.1114305292929, 455.11143751111103, 466.489222270707, 472.1781006868687, 472.17812512323223, 483.5558854464646, 483.5558889373737, 483.555899410101, 483.5559029010101, 512.0003229090908, 517.6892013252524, 523.3781041777777, 529.0669860848484, 534.7558749737373, 534.7558784646465, 540.444760371717, 557.5114410020202, 568.8892083070706, 614.4003194181818, 722.4891978343434]
Max connection times: [512.0002984727272, 512.0003613090907, 512.0003613090907, 512.0004241454544, 512.0004241454544, 512.0004241454544, 614.4002984727272, 614.4002984727272, 614.4003613090907, 614.4003613090907, 614.4003613090907, 614.4004241454544, 614.4004241454544, 614.4004241454544, 614.4004241454544, 614.4004241454544, 614.4004241454544, 614.4004241454544, 614.4004241454544, 614.4004241454544, 614.4004241454544, 614.4004241454544, 716.8002356363635, 716.8002356363635, 716.8002984727271, 716.8002984727271, 716.8002984727271, 716.8003613090907, 716.8003613090907, 716.8003613090907, 716.8003613090907, 716.8003613090907, 716.8003613090907, 716.8003613090907, 716.8003613090907, 716.8003613090907, 716.8003613090907, 716.8003613090907, 716.8003613090907, 716.8003613090907, 716.8004241454544, 716.8004241454544, 716.8004241454544, 716.8004241454544, 716.8004241454544, 716.8004241454544, 716.8004241454544, 716.8004241454544, 716.8004241454544, 716.8004241454544, 716.8004241454544, 716.8004241454544, 716.8004241454544, 716.8004241454544, 716.8004241454544, 716.8004241454544, 716.8004241454544, 716.8004241454544, 819.2002356363635, 819.2002984727271, 819.2002984727271, 819.2002984727271, 819.2003613090907, 819.2003613090907, 819.2003613090907, 819.2003613090907, 819.2003613090907, 819.2003613090907, 819.2003613090907, 819.2004241454543, 819.2004241454543, 819.2004241454543, 819.2004241454543, 819.2004241454543, 819.2004241454543, 819.2004241454543, 819.2004241454543, 819.2004241454543, 819.2004241454543, 819.2004241454543, 921.6002356363634, 921.6002984727271, 921.6003613090907, 921.6003613090907, 921.6003613090907, 921.6003613090907, 921.6003613090907, 921.6004241454543, 921.6004241454543, 921.6004241454543, 921.6004241454543, 1024.0002356363636, 1024.000361309091, 1024.000361309091, 1024.0004241454546, 1126.4003613090908, 1126.4003613090908, 1126.4004241454545, 1126.4004241454545, 1228.8002984727273]


Mobile stations: 22
Avg max intervals taken to connect all mobile stations: 11.59 , time:  1186.816
Average station time taken to connect: 575.6279672542145
Avg connection times: [349.0912561190082, 353.7458015735537, 367.7094208, 381.6730600198347, 404.945804429752, 409.60032703471074, 414.25487820165284, 428.21850885289246, 428.2185117090908, 432.873062876033, 437.5275997619834, 437.5276054743801, 437.5276111867768, 442.1821309355371, 442.18213950413224, 442.18214521652885, 442.1821594975207, 446.83670780826435, 451.49123326942134, 451.4912504066115, 460.80032703471073, 465.4548753454546, 465.45488391404956, 470.1094179438016, 474.7639605421487, 474.76399481652885, 479.41850599669414, 479.41851170909086, 479.4185145652892, 479.41853455867755, 484.07304859504126, 484.0730657322314, 493.38214521652884, 493.3821480727272, 498.03667067768583, 502.6912275570248, 507.3457758677685, 507.3457872925619, 516.6548667768594, 525.963954829752, 525.963971966942, 530.6185088528924, 530.6185145652892, 530.618545983471, 539.9275997619835, 544.5821366479338, 544.5821366479339, 549.2366735338842, 549.2367020958677, 549.2367078082643, 553.8912361256198, 553.89125326281, 558.5457787239669, 558.5457872925618, 558.5457872925618, 563.2003441719006, 567.8548696330579, 572.5094150876032, 572.5094208, 572.509429368595, 577.1639605421486, 577.1639719669421, 591.1276111867769, 595.782139504132, 595.7821452165289, 595.7821652099173, 609.7457787239669, 609.7457815801653, 609.7457815801653, 614.4003498842975, 619.0548724892561, 633.0185059966942, 637.6730514512396, 637.6730685884296, 642.3275997619835, 642.3275997619835, 646.9821509289254, 656.2912446942149, 670.2548753454545, 670.2548782016529, 679.5639662545454, 684.218497428099, 698.1821566413223, 702.8366763900825, 702.8366935272726, 702.836696383471, 702.8367106644627, 707.4912389818181, 712.1457844363636, 735.4185088528924, 749.3821366479337, 795.9275940495867, 809.8912361256199, 819.2003327471074, 851.782136647934, 870.4003327471073, 912.2912446942148, 916.945778723967, 1056.5821337917357, 1149.6730857256198]
Max connection times: [716.8004241454544, 819.2002984727271, 819.2003613090907, 819.2003613090907, 819.2003613090907, 819.2004241454543, 819.2004241454543, 819.2004241454543, 819.2004241454543, 819.2004241454543, 819.2004241454543, 921.6002984727271, 921.6002984727271, 921.6003613090907, 921.6003613090907, 921.6003613090907, 921.6004241454543, 921.6004241454543, 921.6004241454543, 921.6004241454543, 921.6004241454543, 921.6004241454543, 921.6004241454543, 921.6004241454543, 921.6004241454543, 921.6004241454543, 921.6004241454543, 1024.0002356363636, 1024.0002356363636, 1024.0002984727273, 1024.000361309091, 1024.000361309091, 1024.000361309091, 1024.000361309091, 1024.000361309091, 1024.000361309091, 1024.000361309091, 1024.000361309091, 1024.000361309091, 1024.0004241454546, 1024.0004241454546, 1024.0004241454546, 1024.0004241454546, 1024.0004241454546, 1024.0004241454546, 1024.0004241454546, 1024.0004241454546, 1024.0004241454546, 1024.0004241454546, 1024.0004241454546, 1024.0004241454546, 1024.0004241454546, 1024.0004241454546, 1024.0004241454546, 1024.0004241454546, 1126.4002984727272, 1126.4002984727272, 1126.4002984727272, 1126.4003613090908, 1126.4003613090908, 1126.4003613090908, 1126.4003613090908, 1126.4003613090908, 1126.4003613090908, 1126.4003613090908, 1126.4003613090908, 1126.4004241454545, 1126.4004241454545, 1126.4004241454545, 1126.4004241454545, 1126.4004241454545, 1126.4004241454545, 1126.4004241454545, 1126.4004241454545, 1228.8002984727273, 1228.8002984727273, 1228.8002984727273, 1228.800361309091, 1228.800361309091, 1228.800361309091, 1228.800361309091, 1228.800361309091, 1228.800361309091, 1228.8004241454546, 1228.8004241454546, 1228.8004241454546, 1228.8004241454546, 1228.8004241454546, 1331.200361309091, 1331.200361309091, 1331.2004241454547, 1331.2004241454547, 1331.2004241454547, 1331.2004241454547, 1433.600361309091, 1433.6004241454548, 1536.0002984727275, 1536.0002984727275, 1740.800424145455, 1843.2004241454551]


Mobile stations: 25
Avg max intervals taken to connect all mobile stations: 14.56 , time:  1490.9440000000002
Average station time taken to connect: 786.7190478801454
Avg connection times: [401.40834120145445, 409.60032109381814, 413.69633114763633, 425.98432360727276, 483.32832109381815, 499.7123336610909, 503.8083261207272, 507.9043085265454, 520.192338688, 524.2883110399999, 528.3843311476362, 532.480316066909, 540.6723261207272, 548.8643135534545, 548.864316066909, 557.0563261207271, 557.0563361745453, 569.3443185803635, 577.5363311476364, 577.5363361745453, 581.6323286341817, 581.6323311476364, 585.7283286341817, 585.7283311476365, 598.0163412014545, 606.2083336610907, 614.4003236072726, 614.4003537687272, 626.6883412014545, 630.7843412014545, 634.8803386879999, 655.3603286341818, 659.4563210938181, 667.6483110399998, 667.648316066909, 675.8403311476363, 679.9363034996363, 688.1283185803636, 692.2243311476362, 700.4163361745453, 700.4163412014545, 704.5123361745453, 708.6083160669091, 708.6083311476364, 716.800316066909, 720.8963336610909, 724.9923336610908, 724.9923336610909, 729.0883160669089, 729.0883236072727, 733.1843361745455, 737.2803210938181, 737.2803361745454, 741.3763210938181, 741.3763210938181, 749.5683210938181, 749.5683311476362, 749.5683311476364, 749.5683437149091, 757.7603236072728, 761.8563236072727, 770.0483412014545, 790.5283311476363, 790.5283361745453, 806.9123210938182, 811.0083361745454, 815.1043110399999, 819.2003386879999, 827.3923462283634, 835.5843462283635, 839.6803361745453, 856.0643261207271, 856.0643336610909, 856.0643537687273, 880.6403336610908, 884.7363261207273, 901.1203311476362, 917.5043236072728, 917.5043311476362, 925.6963034996364, 942.0803210938182, 954.3683361745454, 970.7523236072725, 983.0403336610912, 1007.6163261207274, 1015.8083160669091, 1015.808328634182, 1028.0963286341816, 1101.8243034996365, 1118.208338688, 1126.400333661091, 1191.9363185803638, 1208.3203160669093, 1232.8963336610911, 1286.1443160669091, 1376.2563236072729, 1384.4483261207276, 1617.9203185803642, 1818.6243210938192, 1839.1043286341828]
Max connection times: [921.6002356363634, 921.6003613090907, 921.6004241454543, 921.6004241454543, 921.6004241454543, 1024.000361309091, 1024.000361309091, 1024.000361309091, 1024.000361309091, 1024.000361309091, 1024.0004241454546, 1024.0004241454546, 1024.0004241454546, 1024.0004241454546, 1024.0004241454546, 1126.4002356363635, 1126.4002984727272, 1126.4002984727272, 1126.4003613090908, 1126.4003613090908, 1126.4003613090908, 1126.4003613090908, 1126.4003613090908, 1126.4003613090908, 1126.4004241454545, 1126.4004241454545, 1126.4004241454545, 1228.8002984727273, 1228.8002984727273, 1228.800361309091, 1228.800361309091, 1228.800361309091, 1228.800361309091, 1228.800361309091, 1228.8004241454546, 1228.8004241454546, 1228.8004241454546, 1228.8004241454546, 1228.8004241454546, 1228.8004241454546, 1228.8004241454546, 1331.2002356363637, 1331.200361309091, 1331.200361309091, 1331.200361309091, 1331.200361309091, 1331.200361309091, 1331.200361309091, 1331.200361309091, 1331.2004241454547, 1331.2004241454547, 1331.2004241454547, 1331.2004241454547, 1331.2004241454547, 1331.2004241454547, 1331.2004241454547, 1331.2004241454547, 1331.2004241454547, 1433.6002356363638, 1433.6002984727274, 1433.600361309091, 1433.600361309091, 1433.6004241454548, 1433.6004241454548, 1433.6004241454548, 1433.6004241454548, 1433.6004241454548, 1433.6004241454548, 1433.6004241454548, 1433.6004241454548, 1536.0002984727275, 1536.0002984727275, 1536.0003613090912, 1536.0004241454549, 1536.0004241454549, 1536.0004241454549, 1536.0004241454549, 1536.0004241454549, 1536.0004241454549, 1536.0004241454549, 1536.0004241454549, 1638.4002984727276, 1638.4003613090913, 1638.4003613090913, 1740.800235636364, 1740.800235636364, 1740.8002984727277, 1740.8003613090914, 1740.8003613090914, 1740.800424145455, 1843.2002984727278, 1843.2003613090915, 1843.2004241454551, 1945.6003613090916, 2048.000361309092, 2048.000361309092, 2048.000424145456, 2252.800424145456, 2457.600235636365, 2867.200361309093]