AP position [0, 0, 0.0]
AP sectors 12
Mob sectors: 4
Sls slots: 8


Mobile stations: 1
Avg max intervals taken to connect all mobile stations: 1.0 , time:  102.4
Average station time taken to connect: 0.00045493527272727263
Avg connection times: [0.00023563636363636362, 0.00023563636363636362, 0.00023563636363636362, 0.00023563636363636362, 0.00023563636363636362, 0.00023563636363636362, 0.00023563636363636362, 0.00023563636363636362, 0.00023563636363636362, 0.00023563636363636362, 0.00029847272727272727, 0.00029847272727272727, 0.00029847272727272727, 0.00029847272727272727, 0.00029847272727272727, 0.00029847272727272727, 0.00029847272727272727, 0.00029847272727272727, 0.00029847272727272727, 0.00029847272727272727, 0.00029847272727272727, 0.00029847272727272727, 0.0003613090909090909, 0.0003613090909090909, 0.0003613090909090909, 0.0003613090909090909, 0.0003613090909090909, 0.0003613090909090909, 0.0003613090909090909, 0.0003613090909090909, 0.0003613090909090909, 0.0003613090909090909, 0.0003613090909090909, 0.0003613090909090909, 0.0003613090909090909, 0.0003613090909090909, 0.0003613090909090909, 0.0003613090909090909, 0.0003613090909090909, 0.0003613090909090909, 0.0004241454545454545, 0.0004241454545454545, 0.0004241454545454545, 0.0004241454545454545, 0.0004241454545454545, 0.0004241454545454545, 0.0004241454545454545, 0.0004241454545454545, 0.0004241454545454545, 0.0004241454545454545, 0.0004241454545454545, 0.0004241454545454545, 0.0004241454545454545, 0.0004241454545454545, 0.0004241454545454545, 0.0004869818181818182, 0.0004869818181818182, 0.0004869818181818182, 0.0004869818181818182, 0.0004869818181818182, 0.0004869818181818182, 0.0004869818181818182, 0.0004869818181818182, 0.0004869818181818182, 0.0005498181818181818, 0.0005498181818181818, 0.0005498181818181818, 0.0005498181818181818, 0.0005498181818181818, 0.0005498181818181818, 0.0005498181818181818, 0.0005498181818181818, 0.0005498181818181818, 0.0006126545454545455, 0.0006126545454545455, 0.0006126545454545455, 0.0006126545454545455, 0.0006126545454545455, 0.0006126545454545455, 0.0006126545454545455, 0.0006126545454545455, 0.0006126545454545455, 0.0006126545454545455, 0.0006126545454545455, 0.0006126545454545455, 0.0006126545454545455, 0.0006126545454545455, 0.0006754909090909092, 0.0006754909090909092, 0.0006754909090909092, 0.0006754909090909092, 0.0006754909090909092, 0.0006754909090909092, 0.0006754909090909092, 0.0006754909090909092, 0.0006754909090909092, 0.0006754909090909092, 0.0006754909090909092, 0.0006754909090909092, 0.0006754909090909092]
Max connection times: [0.00023563636363636362, 0.00023563636363636362, 0.00023563636363636362, 0.00023563636363636362, 0.00023563636363636362, 0.00023563636363636362, 0.00023563636363636362, 0.00023563636363636362, 0.00023563636363636362, 0.00023563636363636362, 0.00029847272727272727, 0.00029847272727272727, 0.00029847272727272727, 0.00029847272727272727, 0.00029847272727272727, 0.00029847272727272727, 0.00029847272727272727, 0.00029847272727272727, 0.00029847272727272727, 0.00029847272727272727, 0.00029847272727272727, 0.00029847272727272727, 0.0003613090909090909, 0.0003613090909090909, 0.0003613090909090909, 0.0003613090909090909, 0.0003613090909090909, 0.0003613090909090909, 0.0003613090909090909, 0.0003613090909090909, 0.0003613090909090909, 0.0003613090909090909, 0.0003613090909090909, 0.0003613090909090909, 0.0003613090909090909, 0.0003613090909090909, 0.0003613090909090909, 0.0003613090909090909, 0.0003613090909090909, 0.0003613090909090909, 0.0004241454545454545, 0.0004241454545454545, 0.0004241454545454545, 0.0004241454545454545, 0.0004241454545454545, 0.0004241454545454545, 0.0004241454545454545, 0.0004241454545454545, 0.0004241454545454545, 0.0004241454545454545, 0.0004241454545454545, 0.0004241454545454545, 0.0004241454545454545, 0.0004241454545454545, 0.0004241454545454545, 0.0004869818181818182, 0.0004869818181818182, 0.0004869818181818182, 0.0004869818181818182, 0.0004869818181818182, 0.0004869818181818182, 0.0004869818181818182, 0.0004869818181818182, 0.0004869818181818182, 0.0005498181818181818, 0.0005498181818181818, 0.0005498181818181818, 0.0005498181818181818, 0.0005498181818181818, 0.0005498181818181818, 0.0005498181818181818, 0.0005498181818181818, 0.0005498181818181818, 0.0006126545454545455, 0.0006126545454545455, 0.0006126545454545455, 0.0006126545454545455, 0.0006126545454545455, 0.0006126545454545455, 0.0006126545454545455, 0.0006126545454545455, 0.0006126545454545455, 0.0006126545454545455, 0.0006126545454545455, 0.0006126545454545455, 0.0006126545454545455, 0.0006126545454545455, 0.0006754909090909092, 0.0006754909090909092, 0.0006754909090909092, 0.0006754909090909092, 0.0006754909090909092, 0.0006754909090909092, 0.0006754909090909092, 0.0006754909090909092, 0.0006754909090909092, 0.0006754909090909092, 0.0006754909090909092, 0.0006754909090909092, 0.0006754909090909092]


Mobile stations: 2
Avg max intervals taken to connect all mobile stations: 1.19 , time:  121.856
Average station time taken to connect: 11.776462161454546
Avg connection times: [0.00029847272727272727, 0.00029847272727272727, 0.00029847272727272727, 0.00032989090909090905, 0.00032989090909090905, 0.00032989090909090905, 0.00032989090909090905, 0.0003298909090909091, 0.0003298909090909091, 0.0003298909090909091, 0.0003613090909090909, 0.0003613090909090909, 0.0003613090909090909, 0.0003927272727272727, 0.0003927272727272727, 0.0003927272727272727, 0.0003927272727272727, 0.00039272727272727273, 0.00039272727272727273, 0.00039272727272727273, 0.00039272727272727273, 0.00039272727272727273, 0.00039272727272727273, 0.00039272727272727273, 0.00042414545454545457, 0.00042414545454545457, 0.00042414545454545457, 0.00042414545454545457, 0.00042414545454545457, 0.00042414545454545457, 0.00042414545454545457, 0.00042414545454545457, 0.00042414545454545457, 0.00042414545454545457, 0.00045556363636363635, 0.00045556363636363635, 0.00045556363636363635, 0.00045556363636363635, 0.00045556363636363635, 0.00045556363636363635, 0.0004555636363636364, 0.00048698181818181813, 0.00048698181818181813, 0.00048698181818181813, 0.00048698181818181813, 0.00048698181818181813, 0.0004869818181818182, 0.0004869818181818182, 0.00048698181818181824, 0.00048698181818181824, 0.00048698181818181824, 0.00048698181818181824, 0.00048698181818181824, 0.0005184, 0.0005184, 0.0005184, 0.0005184, 0.0005184, 0.0005184, 0.0005184, 0.0005184, 0.0005184, 0.0005184, 0.0005184, 0.0005498181818181818, 0.0005498181818181818, 0.0005498181818181818, 0.0005498181818181818, 0.0005498181818181818, 0.0005812363636363636, 0.0005812363636363636, 0.0005812363636363636, 0.0005812363636363637, 0.0006126545454545455, 0.0006126545454545455, 0.0006126545454545455, 0.0006126545454545455, 0.0006126545454545455, 0.0006126545454545455, 0.0006440727272727274, 0.0006440727272727274, 51.200329890909096, 51.200329890909096, 51.200361309090916, 51.200361309090916, 51.200361309090916, 51.200392727272735, 51.200392727272735, 51.200424145454555, 51.20045556363637, 51.20048698181819, 51.20048698181819, 51.20048698181819, 51.20051840000001, 51.20051840000001, 51.20054981818182, 102.4004869818182, 102.40051840000001, 102.40054981818182, 102.40058123636365]
Max connection times: [0.0003613090909090909, 0.0003613090909090909, 0.0003613090909090909, 0.0003613090909090909, 0.0003613090909090909, 0.0003613090909090909, 0.0004241454545454545, 0.0004241454545454545, 0.0004241454545454545, 0.0004241454545454545, 0.0004241454545454545, 0.0004241454545454545, 0.0004241454545454545, 0.0004241454545454545, 0.0004241454545454545, 0.0004869818181818182, 0.0004869818181818182, 0.0004869818181818182, 0.0004869818181818182, 0.0004869818181818182, 0.0004869818181818182, 0.0004869818181818182, 0.0004869818181818182, 0.0004869818181818182, 0.0004869818181818182, 0.0005498181818181818, 0.0005498181818181818, 0.0005498181818181818, 0.0005498181818181818, 0.0005498181818181818, 0.0005498181818181818, 0.0005498181818181818, 0.0005498181818181818, 0.0005498181818181818, 0.0005498181818181818, 0.0005498181818181818, 0.0005498181818181818, 0.0005498181818181818, 0.0005498181818181818, 0.0005498181818181818, 0.0005498181818181818, 0.0005498181818181818, 0.0006126545454545455, 0.0006126545454545455, 0.0006126545454545455, 0.0006126545454545455, 0.0006126545454545455, 0.0006126545454545455, 0.0006126545454545455, 0.0006126545454545455, 0.0006126545454545455, 0.0006126545454545455, 0.0006126545454545455, 0.0006126545454545455, 0.0006126545454545455, 0.0006126545454545455, 0.0006126545454545455, 0.0006754909090909092, 0.0006754909090909092, 0.0006754909090909092, 0.0006754909090909092, 0.0006754909090909092, 0.0006754909090909092, 0.0006754909090909092, 0.0006754909090909092, 0.0006754909090909092, 0.0006754909090909092, 0.0006754909090909092, 0.0006754909090909092, 0.0006754909090909092, 0.0006754909090909092, 0.0006754909090909092, 0.0006754909090909092, 0.0006754909090909092, 0.0006754909090909092, 0.0006754909090909092, 0.0006754909090909092, 0.0006754909090909092, 0.0006754909090909092, 0.0006754909090909092, 0.0006754909090909092, 102.40023563636365, 102.40029847272729, 102.40029847272729, 102.40029847272729, 102.40036130909093, 102.40036130909093, 102.40036130909093, 102.40036130909093, 102.40042414545455, 102.40048698181819, 102.40054981818183, 102.40054981818183, 102.40054981818183, 102.40054981818183, 102.40061265454547, 102.40061265454547, 102.40061265454547, 102.40061265454547, 102.4006754909091]


Mobile stations: 4
Avg max intervals taken to connect all mobile stations: 1.62 , time:  165.88800000000003
Average station time taken to connect: 23.552468602181815
Avg connection times: [0.0003927272727272727, 0.0003927272727272727, 0.0003927272727272727, 0.00039272727272727273, 0.0004084363636363636, 0.0004084363636363636, 0.0004084363636363636, 0.00042414545454545457, 0.00042414545454545457, 0.00042414545454545457, 0.0004398545454545455, 0.00045556363636363635, 0.00045556363636363635, 0.00045556363636363635, 0.0004712727272727273, 0.0004712727272727273, 0.0004712727272727273, 0.0004712727272727273, 0.00048698181818181813, 0.00048698181818181813, 0.00048698181818181824, 0.00048698181818181824, 0.00048698181818181824, 0.00048698181818181824, 0.0005026909090909091, 0.0005026909090909091, 0.0005026909090909091, 0.0005026909090909091, 0.0005184, 0.0005184, 0.0005184, 0.000534109090909091, 0.000534109090909091, 0.000534109090909091, 0.000534109090909091, 0.000534109090909091, 0.000534109090909091, 0.0005498181818181818, 0.0005498181818181818, 0.0005655272727272728, 25.60037701818182, 25.60039272727273, 25.60039272727273, 25.60039272727273, 25.600408436363637, 25.60040843636364, 25.600424145454546, 25.600439854545456, 25.600439854545456, 25.600439854545456, 25.600439854545456, 25.60043985454546, 25.600455563636366, 25.600455563636366, 25.600471272727273, 25.600471272727276, 25.600471272727276, 25.600471272727276, 25.600471272727276, 25.600471272727276, 25.600486981818182, 25.600486981818186, 25.600486981818186, 25.600502690909092, 25.600502690909092, 25.600502690909096, 25.600518400000002, 25.600518400000002, 25.600518400000002, 25.600518400000002, 25.600518400000002, 25.60053410909091, 25.600549818181822, 25.600549818181822, 25.600596945454548, 51.200345600000006, 51.200361309090916, 51.200377018181825, 51.20039272727273, 51.20039272727273, 51.20039272727273, 51.200408436363645, 51.200408436363645, 51.200408436363645, 51.20042414545455, 51.200439854545465, 51.200439854545465, 51.20045556363637, 51.20045556363637, 51.20047127272728, 51.20047127272728, 51.20047127272728, 51.20048698181819, 51.20051840000001, 51.20056552727273, 51.20061265454546, 76.80039272727274, 76.80043985454546, 76.80054981818182, 153.60053410909092]
Max connection times: [0.0004869818181818182, 0.0005498181818181818, 0.0005498181818181818, 0.0005498181818181818, 0.0005498181818181818, 0.0005498181818181818, 0.0005498181818181818, 0.0005498181818181818, 0.0006126545454545455, 0.0006126545454545455, 0.0006126545454545455, 0.0006126545454545455, 0.0006126545454545455, 0.0006126545454545455, 0.0006126545454545455, 0.0006754909090909092, 0.0006754909090909092, 0.0006754909090909092, 0.0006754909090909092, 0.0006754909090909092, 0.0006754909090909092, 0.0006754909090909092, 0.0006754909090909092, 0.0006754909090909092, 0.0006754909090909092, 0.0006754909090909092, 0.0006754909090909092, 0.0006754909090909092, 0.0006754909090909092, 0.0006754909090909092, 0.0006754909090909092, 0.0006754909090909092, 0.0006754909090909092, 0.0006754909090909092, 0.0006754909090909092, 0.0006754909090909092, 0.0006754909090909092, 0.0006754909090909092, 0.0006754909090909092, 0.0006754909090909092, 102.40023563636365, 102.40023563636365, 102.40023563636365, 102.40029847272729, 102.40029847272729, 102.40029847272729, 102.40029847272729, 102.40029847272729, 102.40029847272729, 102.40029847272729, 102.40036130909093, 102.40036130909093, 102.40036130909093, 102.40036130909093, 102.40036130909093, 102.40036130909093, 102.40042414545455, 102.40042414545455, 102.40042414545455, 102.40042414545455, 102.40042414545455, 102.40042414545455, 102.40042414545455, 102.40042414545455, 102.40048698181819, 102.40048698181819, 102.40048698181819, 102.40048698181819, 102.40048698181819, 102.40048698181819, 102.40048698181819, 102.40048698181819, 102.40054981818183, 102.40054981818183, 102.40054981818183, 102.40054981818183, 102.40054981818183, 102.40054981818183, 102.40054981818183, 102.40061265454547, 102.40061265454547, 102.40061265454547, 102.40061265454547, 102.40061265454547, 102.40061265454547, 102.40061265454547, 102.40061265454547, 102.40061265454547, 102.40061265454547, 102.4006754909091, 102.4006754909091, 102.4006754909091, 102.4006754909091, 102.4006754909091, 102.4006754909091, 102.4006754909091, 102.4006754909091, 102.4006754909091, 102.4006754909091, 307.2006126545455]


Mobile stations: 6
Avg max intervals taken to connect all mobile stations: 2.11 , time:  216.064
Average station time taken to connect: 37.37645566836365
Avg connection times: [0.00042414545454545457, 0.00043461818181818177, 0.00044509090909090914, 0.0004765090909090909, 0.0004869818181818182, 0.0004869818181818182, 0.0004974545454545455, 17.067017503030304, 17.067038448484848, 17.06703844848485, 17.067059393939395, 17.067069866666667, 17.067080339393943, 17.067080339393943, 17.067090812121215, 17.067101284848487, 17.067101284848487, 17.067101284848487, 17.067101284848487, 17.06711175757576, 17.06712223030303, 17.06712223030303, 17.067132703030307, 17.067132703030307, 17.067143175757575, 17.067143175757575, 17.06715364848485, 17.06716412121212, 17.06716412121212, 17.067164121212123, 17.067164121212123, 17.067164121212123, 17.067174593939395, 17.067174593939395, 17.06718506666667, 17.06718506666667, 17.06719553939394, 17.067206012121215, 34.13370511515152, 34.13371558787879, 34.13371558787879, 34.13371558787879, 34.13374700606061, 34.13374700606061, 34.13375747878788, 34.13375747878788, 34.133757478787885, 34.133757478787885, 34.13376795151515, 34.13376795151515, 34.13376795151515, 34.13376795151515, 34.13376795151515, 34.13377842424243, 34.1337888969697, 34.1337888969697, 34.1337888969697, 34.13379936969697, 34.13380984242425, 34.13382031515152, 34.13382031515152, 34.133830787878786, 34.13383078787879, 34.13384126060606, 34.13384126060606, 34.13385173333334, 34.13385173333334, 34.133862206060606, 34.133862206060606, 34.13387267878789, 34.13388315151516, 51.200371781818184, 51.20040320000001, 51.20041367272728, 51.200424145454555, 51.20044509090909, 51.200455563636375, 51.20046603636364, 51.20047650909091, 51.20047650909091, 51.20048698181819, 51.20050792727273, 51.200560290909095, 68.2670593939394, 68.26708033939396, 68.26709081212122, 68.26711175757576, 68.26712223030303, 68.26716412121213, 68.26718506666668, 85.33372606060608, 85.33373653333335, 85.33377842424244, 85.3337888969697, 102.40039272727273, 102.40041367272728, 102.40041367272731, 102.40049745454547, 102.40050792727276, 136.53373653333335]
Max connection times: [0.0006754909090909092, 0.0006754909090909092, 0.0006754909090909092, 0.0006754909090909092, 0.0006754909090909092, 0.0006754909090909092, 0.0006754909090909092, 102.40023563636365, 102.40023563636365, 102.40023563636365, 102.40029847272729, 102.40029847272729, 102.40029847272729, 102.40029847272729, 102.40029847272729, 102.40036130909093, 102.40036130909093, 102.40042414545455, 102.40042414545455, 102.40042414545455, 102.40042414545455, 102.40042414545455, 102.40042414545455, 102.40042414545455, 102.40042414545455, 102.40048698181819, 102.40048698181819, 102.40048698181819, 102.40048698181819, 102.40048698181819, 102.40048698181819, 102.40054981818183, 102.40054981818183, 102.40054981818183, 102.40054981818183, 102.40054981818183, 102.40054981818183, 102.40054981818183, 102.40054981818183, 102.40054981818183, 102.40054981818183, 102.40054981818183, 102.40054981818183, 102.40061265454547, 102.40061265454547, 102.40061265454547, 102.40061265454547, 102.40061265454547, 102.40061265454547, 102.40061265454547, 102.40061265454547, 102.40061265454547, 102.40061265454547, 102.40061265454547, 102.40061265454547, 102.40061265454547, 102.40061265454547, 102.40061265454547, 102.40061265454547, 102.40061265454547, 102.40061265454547, 102.40061265454547, 102.40061265454547, 102.40061265454547, 102.4006754909091, 102.4006754909091, 102.4006754909091, 102.4006754909091, 102.4006754909091, 102.4006754909091, 102.4006754909091, 102.4006754909091, 102.4006754909091, 102.4006754909091, 102.4006754909091, 102.4006754909091, 102.4006754909091, 102.4006754909091, 102.4006754909091, 102.4006754909091, 102.4006754909091, 102.4006754909091, 102.4006754909091, 204.80023563636368, 204.80029847272732, 204.80036130909096, 204.8004241454546, 204.8004241454546, 204.8004241454546, 204.80048698181824, 204.80048698181824, 204.80048698181824, 204.80048698181824, 204.80054981818185, 204.80054981818185, 204.8006126545455, 204.80067549090913, 204.80067549090913, 204.80067549090913, 307.20067549090913]


Mobile stations: 10
Avg max intervals taken to connect all mobile stations: 2.95 , time:  302.08000000000004
Average station time taken to connect: 70.14446084189095
Avg connection times: [20.480449280000002, 30.720411578181817, 30.720411578181825, 30.720430429090914, 30.72044299636364, 30.72045556363637, 30.72045556363637, 30.72048698181818, 30.720493265454547, 30.720512116363636, 40.96039901090909, 40.96043671272727, 40.96044928, 40.960455563636366, 40.960455563636366, 40.960461847272725, 40.960461847272725, 40.96046184727273, 40.96046184727273, 40.96047441454546, 51.20037387636364, 51.20038016000001, 51.20043042909092, 51.200436712727274, 51.20043671272729, 51.20044928000001, 51.20045556363637, 51.200455563636375, 51.200455563636375, 51.200461847272734, 51.2004681309091, 51.20047441454547, 51.20047441454547, 51.20048069818182, 51.200480698181835, 51.20049954909092, 61.44042414545455, 61.44044299636365, 61.44044928000001, 61.44044928000001, 61.44044928000001, 61.44045556363638, 61.440468130909096, 61.44046813090911, 61.44046813090911, 61.44047441454546, 61.44047441454546, 61.4404869818182, 61.44049326545455, 61.44049326545455, 61.44049326545455, 61.44051840000001, 71.68041157818183, 71.68041157818183, 71.68042414545455, 71.68043042909093, 71.68044299636365, 71.68044928, 71.68045556363637, 71.68045556363637, 71.68046813090909, 71.6804681309091, 71.68047441454547, 71.68048069818182, 71.68048069818182, 71.68048698181819, 71.68049326545454, 71.68049954909091, 81.92043042909091, 81.92043042909093, 81.92044299636363, 81.92044299636365, 81.92044299636365, 81.92044299636366, 81.9204681309091, 81.92049954909092, 81.92054353454547, 92.1603990109091, 92.16043042909092, 92.16044299636366, 92.16047441454546, 92.16047441454546, 92.16048069818183, 92.1604869818182, 92.16052468363638, 102.40041157818182, 102.4004869818182, 112.64042414545456, 112.64046184727275, 112.64046184727275, 112.64048698181821, 112.64049954909092, 122.8804869818182, 122.8805058327273, 122.88051211636366, 133.1205184, 153.60043671272723, 153.6004367127273, 153.6004555636364, 153.6005184]
Max connection times: [102.40036130909093, 102.40048698181819, 102.40048698181819, 102.40048698181819, 102.40054981818183, 102.40061265454547, 102.40061265454547, 102.40061265454547, 102.40061265454547, 102.40061265454547, 102.40061265454547, 102.40061265454547, 102.40061265454547, 102.40061265454547, 102.40061265454547, 102.40061265454547, 102.40061265454547, 102.40061265454547, 102.4006754909091, 102.4006754909091, 102.4006754909091, 102.4006754909091, 102.4006754909091, 102.4006754909091, 204.80023563636368, 204.80023563636368, 204.80023563636368, 204.80023563636368, 204.80029847272732, 204.80029847272732, 204.80036130909096, 204.80036130909096, 204.80036130909096, 204.80036130909096, 204.8004241454546, 204.8004241454546, 204.8004241454546, 204.8004241454546, 204.8004241454546, 204.8004241454546, 204.8004241454546, 204.80048698181824, 204.80048698181824, 204.80048698181824, 204.80048698181824, 204.80048698181824, 204.80054981818185, 204.80054981818185, 204.80054981818185, 204.80054981818185, 204.80054981818185, 204.80054981818185, 204.80054981818185, 204.80054981818185, 204.80054981818185, 204.80054981818185, 204.80054981818185, 204.80054981818185, 204.80054981818185, 204.80054981818185, 204.8006126545455, 204.8006126545455, 204.8006126545455, 204.8006126545455, 204.8006126545455, 204.8006126545455, 204.8006126545455, 204.8006126545455, 204.80067549090913, 204.80067549090913, 204.80067549090913, 204.80067549090913, 204.80067549090913, 204.80067549090913, 204.80067549090913, 204.80067549090913, 204.80067549090913, 204.80067549090913, 204.80067549090913, 204.80067549090913, 204.80067549090913, 204.80067549090913, 204.80067549090913, 204.80067549090913, 307.2002984727273, 307.2002984727273, 307.2004241454546, 307.2004241454546, 307.2004241454546, 307.20048698181824, 307.20048698181824, 307.20048698181824, 307.20054981818186, 307.20054981818186, 307.2006126545455, 307.2006126545455, 307.2006126545455, 307.2006126545455, 409.6006126545455, 512.0004869818181]


Mobile stations: 14
Avg max intervals taken to connect all mobile stations: 3.66 , time:  374.78400000000005
Average station time taken to connect: 104.37531010327277
Avg connection times: [43.88616984935065, 51.200424145454555, 65.82900006233767, 65.82901801558442, 65.82902250389611, 65.82902250389611, 65.8290314805195, 65.82904045714288, 65.82907187532469, 73.14328128831168, 73.14329475324676, 73.14330372987014, 73.14332168311691, 73.14333514805195, 73.14333514805195, 80.45755353766235, 80.45756251428574, 80.45758046753248, 80.45758495584417, 80.45758495584417, 80.45759842077923, 80.45759842077925, 80.45760290909094, 80.45761188571429, 80.45761637402599, 80.45762086233768, 80.45762535064935, 80.45762535064935, 80.45763881558443, 80.45764330389612, 87.77182578701301, 87.77185720519482, 87.77186618181818, 87.7718706701299, 87.77187515844159, 87.77187964675326, 87.77188413506495, 87.77188413506495, 87.77188862337663, 87.77188862337664, 87.77188862337664, 87.77188862337664, 87.77189311168831, 87.77193350649353, 95.08612945454549, 95.08613843116885, 95.08614291948054, 95.0861608727273, 95.08616536103897, 95.08616984935065, 95.08618331428572, 95.0861922909091, 95.08621473246755, 102.40040170389612, 102.40043761038963, 102.40047351688312, 102.40047351688314, 102.40047800519483, 102.40048249350652, 109.71474576623379, 109.71475923116884, 109.71476820779222, 109.71476820779222, 117.02896415584418, 117.02898210909095, 117.02900455064936, 117.02900455064938, 117.0290269922078, 117.02902699220782, 117.02905392207796, 117.02907187532469, 124.34326782337666, 124.34327231168834, 124.3432947532468, 124.34331270649352, 124.3433216831169, 131.65759393246756, 131.6576118857143, 131.65762086233767, 131.65762086233767, 131.65763432727275, 138.97185271688315, 138.97185720519482, 138.97186169350653, 138.9718661818182, 138.97187515844158, 138.97187964675328, 138.97188862337666, 138.97192452987014, 146.28612496623379, 146.28613394285716, 146.2861429194806, 146.28616087272732, 146.28620575584415, 153.60044209870134, 160.91472781298702, 160.91473678961043, 175.5433216831169, 190.17183476363635, 197.4861563844156]
Max connection times: [102.4006754909091, 204.80023563636368, 204.8004241454546, 204.80048698181824, 204.80048698181824, 204.80048698181824, 204.80048698181824, 204.80048698181824, 204.80054981818185, 204.80054981818185, 204.80054981818185, 204.80054981818185, 204.80054981818185, 204.80054981818185, 204.80054981818185, 204.80054981818185, 204.8006126545455, 204.8006126545455, 204.8006126545455, 204.8006126545455, 204.8006126545455, 204.8006126545455, 204.8006126545455, 204.8006126545455, 204.8006126545455, 204.8006126545455, 204.8006126545455, 204.8006126545455, 204.8006126545455, 204.8006126545455, 204.8006126545455, 204.80067549090913, 204.80067549090913, 204.80067549090913, 204.80067549090913, 204.80067549090913, 204.80067549090913, 204.80067549090913, 204.80067549090913, 204.80067549090913, 204.80067549090913, 204.80067549090913, 204.80067549090913, 307.2002356363637, 307.2002356363637, 307.2002356363637, 307.2002356363637, 307.2002984727273, 307.2002984727273, 307.2002984727273, 307.20036130909097, 307.20036130909097, 307.20036130909097, 307.2004241454546, 307.2004241454546, 307.2004241454546, 307.20048698181824, 307.20048698181824, 307.20048698181824, 307.20048698181824, 307.20048698181824, 307.20048698181824, 307.20048698181824, 307.20048698181824, 307.20048698181824, 307.20054981818186, 307.20054981818186, 307.20054981818186, 307.20054981818186, 307.20054981818186, 307.20054981818186, 307.20054981818186, 307.2006126545455, 307.2006126545455, 307.2006126545455, 307.2006126545455, 307.2006126545455, 307.2006126545455, 307.2006126545455, 307.2006126545455, 307.20067549090913, 307.20067549090913, 307.20067549090913, 307.20067549090913, 307.20067549090913, 307.20067549090913, 307.20067549090913, 307.20067549090913, 307.20067549090913, 307.20067549090913, 307.20067549090913, 409.60023563636366, 409.6002984727273, 409.6004869818182, 409.6004869818182, 409.60054981818183, 409.6006126545455, 409.6006754909091, 409.6006754909091, 512.0002984727272]


Mobile stations: 18
Avg max intervals taken to connect all mobile stations: 4.53 , time:  463.87200000000007
Average station time taken to connect: 145.63601258537366
Avg connection times: [91.02268476767678, 96.71154922020206, 96.7115666747475, 102.40043461818183, 102.40049047272727, 108.08933048888892, 108.08933048888892, 108.08935492525255, 108.08937936161618, 108.08938634343437, 113.77819843232322, 113.77823334141415, 113.77823334141415, 113.77823334141418, 113.77823683232324, 119.4671082666667, 119.46712223030305, 119.46712572121214, 119.46712572121214, 119.4671361939394, 119.46713619393942, 119.46713968484852, 119.46715713939398, 125.15598319191923, 125.1559936646465, 125.1559971555556, 125.15600413737378, 125.1560181010101, 125.1560285737374, 130.84488255353537, 130.84489302626267, 130.84490349898994, 130.8449104808081, 130.8449174626263, 130.84492444444447, 130.84493840808082, 136.53376096969703, 136.5337714424243, 136.53377842424246, 136.53378540606062, 136.533799369697, 136.5338028606061, 136.53380984242423, 136.5338412606061, 142.22266033131316, 142.22267080404043, 142.2226777858586, 142.22268476767678, 142.22269174949497, 142.22271269494954, 147.91150732929293, 147.91153176565658, 147.91154572929295, 147.9115736565657, 147.91157714747476, 147.91158063838384, 147.91158762020206, 147.9115980929293, 147.9116085656566, 153.6004136727273, 153.60043112727277, 153.60044160000004, 153.60044160000007, 153.6004555636364, 153.60046254545455, 153.60046254545458, 153.60046603636363, 153.6004834909091, 153.60051141818187, 159.28931652525256, 159.28934445252528, 159.28934445252528, 159.28934794343436, 159.28935492525255, 159.28935492525255, 159.28936888888893, 164.97820192323235, 164.97820541414143, 164.9782193777778, 164.97824381414145, 164.97824730505053, 164.97825428686872, 164.9782577777778, 170.66709081212122, 170.6671012848485, 176.355976210101, 176.3559797010101, 176.35600064646468, 176.3560215919192, 176.3560285737374, 176.3560285737374, 182.04488255353542, 182.04488604444447, 182.04489651717176, 187.7337888969697, 204.8004625454546, 216.1782298505051, 227.55602159191918, 227.5560425373738, 250.31154223838382]
Max connection times: [204.8006126545455, 204.80067549090913, 307.2002356363637, 307.2002356363637, 307.20036130909097, 307.20036130909097, 307.20036130909097, 307.2004241454546, 307.2004241454546, 307.2004241454546, 307.2004241454546, 307.2004241454546, 307.2004241454546, 307.2004241454546, 307.2004241454546, 307.20048698181824, 307.20048698181824, 307.20048698181824, 307.20048698181824, 307.20048698181824, 307.20048698181824, 307.20048698181824, 307.20048698181824, 307.20048698181824, 307.20054981818186, 307.20054981818186, 307.20054981818186, 307.20054981818186, 307.20054981818186, 307.20054981818186, 307.20054981818186, 307.2006126545455, 307.2006126545455, 307.2006126545455, 307.2006126545455, 307.2006126545455, 307.2006126545455, 307.2006126545455, 307.2006126545455, 307.20067549090913, 307.20067549090913, 307.20067549090913, 307.20067549090913, 307.20067549090913, 307.20067549090913, 307.20067549090913, 307.20067549090913, 307.20067549090913, 307.20067549090913, 307.20067549090913, 307.20067549090913, 307.20067549090913, 307.20067549090913, 307.20067549090913, 409.60023563636366, 409.60023563636366, 409.60023563636366, 409.6002984727273, 409.6002984727273, 409.60036130909094, 409.60036130909094, 409.60036130909094, 409.60036130909094, 409.60042414545455, 409.60042414545455, 409.60042414545455, 409.60042414545455, 409.6004869818182, 409.6004869818182, 409.6004869818182, 409.6004869818182, 409.6004869818182, 409.60054981818183, 409.60054981818183, 409.60054981818183, 409.60054981818183, 409.6006126545455, 409.6006126545455, 409.6006126545455, 409.6006126545455, 409.6006126545455, 409.6006126545455, 409.6006126545455, 409.6006126545455, 409.6006754909091, 409.6006754909091, 409.6006754909091, 409.6006754909091, 409.6006754909091, 409.6006754909091, 409.6006754909091, 409.6006754909091, 512.0002984727272, 512.0003613090907, 512.0005498181818, 512.0005498181818, 512.0006126545453, 512.0006126545453, 512.000675490909, 614.4006126545453]


Mobile stations: 22
Avg max intervals taken to connect all mobile stations: 5.29 , time:  541.696
Average station time taken to connect: 183.85499841904138
Avg connection times: [116.36412048925625, 125.67316284297523, 125.67318854876038, 125.6731971173554, 130.32770829752067, 130.32773114710747, 130.32773114710747, 139.63678778181819, 139.63683633719012, 144.29134751735543, 144.2913589421488, 144.29137893553724, 144.29138750413225, 148.94586726611573, 148.94588154710752, 148.94589297190083, 148.94589582809922, 148.94591010909093, 148.94591582148766, 148.94591867768597, 148.945918677686, 153.60044128264465, 153.60044699504135, 153.60045841983472, 153.60046984462812, 153.6004812694215, 158.2549667438017, 158.2549753123967, 158.25499530578517, 158.25500673057851, 158.25502101157028, 162.909543616529, 162.909552185124, 167.56408621487608, 167.5641004958678, 167.56412334545456, 167.56412334545456, 172.2186116760331, 172.21862024462814, 172.21865166280995, 172.21866023140498, 176.87314284958683, 176.87315713057853, 176.87319140495873, 176.87319997355374, 181.5277140099174, 181.52772257851242, 181.52774257190083, 181.5277539966942, 181.52776256528927, 186.18224518347114, 186.18226803305788, 186.18227088925624, 186.18227374545452, 186.182293738843, 190.83679063801657, 190.8368134876033, 190.83682205619843, 190.8368306247934, 190.8368363371901, 190.83683633719014, 190.8368420495868, 190.83685061818184, 195.49133609256205, 195.49134180495875, 195.4913760793389, 195.49137893553723, 200.1458844033058, 200.1459015404959, 204.80040700826447, 204.80042128925626, 204.800435570248, 204.8004412826447, 204.8004498512397, 204.80046127603308, 204.80046698842978, 209.45500673057856, 209.45500673057856, 209.45501244297523, 209.45501815537193, 209.45501815537193, 214.10954361652895, 214.1095550413224, 214.10955789752072, 218.7640462280992, 223.4186259570248, 223.41862881322314, 223.41862881322314, 223.41864595041324, 228.07317141157029, 232.72771400991732, 232.7277140099174, 237.38224518347116, 237.38225660826447, 242.03679063801658, 242.03681063140496, 242.03683348099176, 256.0004212892563, 256.00044128264466, 311.85501244297524]
Max connection times: [307.20054981818186, 307.20054981818186, 307.2006126545455, 307.2006126545455, 307.2006126545455, 307.20067549090913, 307.20067549090913, 307.20067549090913, 307.20067549090913, 307.20067549090913, 307.20067549090913, 307.20067549090913, 307.20067549090913, 307.20067549090913, 409.60023563636366, 409.60023563636366, 409.6002984727273, 409.60036130909094, 409.60042414545455, 409.60042414545455, 409.6004869818182, 409.6004869818182, 409.6004869818182, 409.6004869818182, 409.6004869818182, 409.60054981818183, 409.60054981818183, 409.60054981818183, 409.60054981818183, 409.60054981818183, 409.60054981818183, 409.60054981818183, 409.60054981818183, 409.60054981818183, 409.6006126545455, 409.6006126545455, 409.6006126545455, 409.6006126545455, 409.6006126545455, 409.6006126545455, 409.6006126545455, 409.6006126545455, 409.6006126545455, 409.6006126545455, 409.6006126545455, 409.6006126545455, 409.6006126545455, 409.6006126545455, 409.6006126545455, 409.6006754909091, 409.6006754909091, 409.6006754909091, 409.6006754909091, 409.6006754909091, 409.6006754909091, 409.6006754909091, 409.6006754909091, 409.6006754909091, 409.6006754909091, 409.6006754909091, 409.6006754909091, 409.6006754909091, 409.6006754909091, 409.6006754909091, 409.6006754909091, 512.0002984727272, 512.0002984727272, 512.0002984727272, 512.0003613090907, 512.0003613090907, 512.0004241454544, 512.0004241454544, 512.0004241454544, 512.0004869818181, 512.0004869818181, 512.0004869818181, 512.0004869818181, 512.0004869818181, 512.0005498181818, 512.0005498181818, 512.0005498181818, 512.0005498181818, 512.0005498181818, 512.0005498181818, 512.0006126545453, 512.0006126545453, 512.0006126545453, 512.0006126545453, 512.0006126545453, 512.000675490909, 512.000675490909, 512.000675490909, 512.000675490909, 614.4002984727272, 614.4002984727272, 614.4005498181817, 614.4005498181817, 614.400675490909, 614.400675490909, 716.8006754909089]


Mobile stations: 25
Avg max intervals taken to connect all mobile stations: 5.94 , time:  608.2560000000001
Average station time taken to connect: 215.36813408069804
Avg connection times: [135.1684417396364, 155.64846687418188, 159.74443168581823, 159.74443419927277, 159.74444928000005, 159.74446687418185, 163.84042665890914, 167.9364367127273, 167.93645933381825, 167.93646184727277, 172.03244928000004, 172.03245430690913, 172.03245430690913, 172.03246938763638, 172.03248446836366, 176.12844928, 176.1284593338182, 176.12845933381826, 176.12846687418187, 180.22444676654547, 180.22447441454548, 184.3204291723637, 184.32044928000002, 184.32045682036366, 184.3204593338182, 188.41643419927274, 188.4164367127273, 188.41645179345463, 188.41645933381824, 188.416471901091, 192.5124341992728, 192.5124417396364, 192.5124467665455, 192.51245179345457, 192.5124643607273, 192.51247692800007, 196.60843168581826, 196.6084417396364, 196.60845179345458, 196.60846436072734, 196.60849200872732, 200.70447692800005, 204.800416605091, 204.80044676654546, 204.80044928000007, 204.80045430690913, 204.80045933381822, 204.8004693876364, 204.80047944145454, 212.99240655127272, 212.99242917236367, 212.9924417396364, 212.9924417396364, 212.99247190109094, 217.08844425309093, 217.08844676654545, 217.08845179345454, 217.088476928, 217.08849200872726, 221.1844467665455, 221.18446436072728, 221.18446938763637, 221.1844794414546, 225.28042163200004, 225.2804819549091, 229.3764894952727, 233.47242665890917, 233.47245179345452, 233.4724517934546, 233.47245430690913, 233.472476928, 237.5684392261818, 237.56846184727272, 237.56847692800005, 241.66443922618186, 241.66445179345456, 241.66445682036363, 245.76042917236364, 245.76044676654547, 249.8564316858182, 249.85644927999994, 249.85645430690911, 249.85646184727273, 253.9524392261818, 253.95244425309093, 253.9524568203637, 258.0484517934546, 258.04846184727273, 258.0484744145455, 258.04849200872735, 262.14444425309085, 266.24043671272733, 274.4324543069091, 274.4324794414546, 286.72044928, 286.72045430690906, 294.9124794414546, 307.20042917236367, 331.7764693876363, 372.73643419927276]
Max connection times: [307.20054981818186, 409.6002984727273, 409.60036130909094, 409.60036130909094, 409.60042414545455, 409.60042414545455, 409.60042414545455, 409.6004869818182, 409.6004869818182, 409.60054981818183, 409.60054981818183, 409.6006126545455, 409.6006126545455, 409.6006126545455, 409.6006126545455, 409.6006126545455, 409.6006126545455, 409.6006126545455, 409.6006754909091, 409.6006754909091, 409.6006754909091, 409.6006754909091, 409.6006754909091, 409.6006754909091, 409.6006754909091, 409.6006754909091, 409.6006754909091, 409.6006754909091, 409.6006754909091, 409.6006754909091, 409.6006754909091, 409.6006754909091, 512.0002356363635, 512.0002356363635, 512.0002356363635, 512.0002984727272, 512.0002984727272, 512.0003613090907, 512.0003613090907, 512.0003613090907, 512.0003613090907, 512.0003613090907, 512.0004241454544, 512.0004241454544, 512.0004241454544, 512.0004869818181, 512.0004869818181, 512.0005498181818, 512.0005498181818, 512.0005498181818, 512.0005498181818, 512.0005498181818, 512.0005498181818, 512.0005498181818, 512.0005498181818, 512.0006126545453, 512.0006126545453, 512.0006126545453, 512.0006126545453, 512.0006126545453, 512.0006126545453, 512.0006126545453, 512.0006126545453, 512.0006126545453, 512.0006126545453, 512.0006126545453, 512.000675490909, 512.000675490909, 512.000675490909, 512.000675490909, 512.000675490909, 512.000675490909, 512.000675490909, 512.000675490909, 512.000675490909, 512.000675490909, 512.000675490909, 614.4002984727272, 614.4002984727272, 614.4002984727272, 614.4003613090907, 614.4003613090907, 614.4004241454544, 614.4004241454544, 614.4004869818181, 614.4004869818181, 614.4004869818181, 614.4004869818181, 614.4004869818181, 614.4005498181817, 614.4005498181817, 614.4006126545453, 614.4006126545453, 614.4006126545453, 614.4006126545453, 614.4006126545453, 614.400675490909, 716.8006126545453, 716.8006126545453, 819.2005498181817]

