AP position [0, 0, 0.0]
AP sectors 12
Mob sectors: 4
Sls slots: 6


Mobile stations: 1
Avg max intervals taken to connect all mobile stations: 1.0 , time:  102.4
Average station time taken to connect: 0.00039209890909090906
Avg connection times: [0.00023563636363636362, 0.00023563636363636362, 0.00023563636363636362, 0.00023563636363636362, 0.00023563636363636362, 0.00023563636363636362, 0.00023563636363636362, 0.00023563636363636362, 0.00023563636363636362, 0.00023563636363636362, 0.00023563636363636362, 0.00023563636363636362, 0.00023563636363636362, 0.00023563636363636362, 0.00023563636363636362, 0.00023563636363636362, 0.00023563636363636362, 0.00023563636363636362, 0.00023563636363636362, 0.00023563636363636362, 0.00029847272727272727, 0.00029847272727272727, 0.00029847272727272727, 0.00029847272727272727, 0.00029847272727272727, 0.00029847272727272727, 0.00029847272727272727, 0.00029847272727272727, 0.00029847272727272727, 0.00029847272727272727, 0.00029847272727272727, 0.00029847272727272727, 0.00029847272727272727, 0.00029847272727272727, 0.00029847272727272727, 0.00029847272727272727, 0.00029847272727272727, 0.0003613090909090909, 0.0003613090909090909, 0.0003613090909090909, 0.0003613090909090909, 0.0003613090909090909, 0.0003613090909090909, 0.0003613090909090909, 0.0003613090909090909, 0.0003613090909090909, 0.0003613090909090909, 0.0003613090909090909, 0.0003613090909090909, 0.0004241454545454545, 0.0004241454545454545, 0.0004241454545454545, 0.0004241454545454545, 0.0004241454545454545, 0.0004241454545454545, 0.0004241454545454545, 0.0004241454545454545, 0.0004241454545454545, 0.0004241454545454545, 0.0004241454545454545, 0.0004241454545454545, 0.0004241454545454545, 0.0004241454545454545, 0.0004241454545454545, 0.0004869818181818182, 0.0004869818181818182, 0.0004869818181818182, 0.0004869818181818182, 0.0004869818181818182, 0.0004869818181818182, 0.0004869818181818182, 0.0004869818181818182, 0.0004869818181818182, 0.0004869818181818182, 0.0004869818181818182, 0.0004869818181818182, 0.0004869818181818182, 0.0004869818181818182, 0.0004869818181818182, 0.0004869818181818182, 0.0004869818181818182, 0.0005498181818181818, 0.0005498181818181818, 0.0005498181818181818, 0.0005498181818181818, 0.0005498181818181818, 0.0005498181818181818, 0.0005498181818181818, 0.0005498181818181818, 0.0005498181818181818, 0.0005498181818181818, 0.0005498181818181818, 0.0005498181818181818, 0.0005498181818181818, 0.0005498181818181818, 0.0005498181818181818, 0.0005498181818181818, 0.0005498181818181818, 0.0005498181818181818, 0.0005498181818181818]
Max connection times: [0.00023563636363636362, 0.00023563636363636362, 0.00023563636363636362, 0.00023563636363636362, 0.00023563636363636362, 0.00023563636363636362, 0.00023563636363636362, 0.00023563636363636362, 0.00023563636363636362, 0.00023563636363636362, 0.00023563636363636362, 0.00023563636363636362, 0.00023563636363636362, 0.00023563636363636362, 0.00023563636363636362, 0.00023563636363636362, 0.00023563636363636362, 0.00023563636363636362, 0.00023563636363636362, 0.00023563636363636362, 0.00029847272727272727, 0.00029847272727272727, 0.00029847272727272727, 0.00029847272727272727, 0.00029847272727272727, 0.00029847272727272727, 0.00029847272727272727, 0.00029847272727272727, 0.00029847272727272727, 0.00029847272727272727, 0.00029847272727272727, 0.00029847272727272727, 0.00029847272727272727, 0.00029847272727272727, 0.00029847272727272727, 0.00029847272727272727, 0.00029847272727272727, 0.0003613090909090909, 0.0003613090909090909, 0.0003613090909090909, 0.0003613090909090909, 0.0003613090909090909, 0.0003613090909090909, 0.0003613090909090909, 0.0003613090909090909, 0.0003613090909090909, 0.0003613090909090909, 0.0003613090909090909, 0.0003613090909090909, 0.0004241454545454545, 0.0004241454545454545, 0.0004241454545454545, 0.0004241454545454545, 0.0004241454545454545, 0.0004241454545454545, 0.0004241454545454545, 0.0004241454545454545, 0.0004241454545454545, 0.0004241454545454545, 0.0004241454545454545, 0.0004241454545454545, 0.0004241454545454545, 0.0004241454545454545, 0.0004241454545454545, 0.0004869818181818182, 0.0004869818181818182, 0.0004869818181818182, 0.0004869818181818182, 0.0004869818181818182, 0.0004869818181818182, 0.0004869818181818182, 0.0004869818181818182, 0.0004869818181818182, 0.0004869818181818182, 0.0004869818181818182, 0.0004869818181818182, 0.0004869818181818182, 0.0004869818181818182, 0.0004869818181818182, 0.0004869818181818182, 0.0004869818181818182, 0.0005498181818181818, 0.0005498181818181818, 0.0005498181818181818, 0.0005498181818181818, 0.0005498181818181818, 0.0005498181818181818, 0.0005498181818181818, 0.0005498181818181818, 0.0005498181818181818, 0.0005498181818181818, 0.0005498181818181818, 0.0005498181818181818, 0.0005498181818181818, 0.0005498181818181818, 0.0005498181818181818, 0.0005498181818181818, 0.0005498181818181818, 0.0005498181818181818, 0.0005498181818181818]


Mobile stations: 2
Avg max intervals taken to connect all mobile stations: 1.24 , time:  126.976
Average station time taken to connect: 15.872385501090928
Avg connection times: [0.00026705454545454543, 0.00026705454545454543, 0.00026705454545454543, 0.00026705454545454543, 0.00026705454545454543, 0.00026705454545454543, 0.00026705454545454543, 0.00029847272727272727, 0.00029847272727272727, 0.00029847272727272727, 0.00029847272727272727, 0.00029847272727272727, 0.00032989090909090905, 0.00032989090909090905, 0.00032989090909090905, 0.00032989090909090905, 0.00032989090909090905, 0.00032989090909090905, 0.0003298909090909091, 0.0003298909090909091, 0.0003298909090909091, 0.0003298909090909091, 0.0003298909090909091, 0.0003298909090909091, 0.0003298909090909091, 0.0003613090909090909, 0.0003613090909090909, 0.0003613090909090909, 0.0003613090909090909, 0.0003613090909090909, 0.0003613090909090909, 0.0003613090909090909, 0.0003613090909090909, 0.0003613090909090909, 0.0003613090909090909, 0.0003927272727272727, 0.0003927272727272727, 0.00039272727272727273, 0.00039272727272727273, 0.00039272727272727273, 0.00039272727272727273, 0.00039272727272727273, 0.00039272727272727273, 0.00039272727272727273, 0.00039272727272727273, 0.00039272727272727273, 0.00039272727272727273, 0.00039272727272727273, 0.00042414545454545457, 0.00042414545454545457, 0.00042414545454545457, 0.00042414545454545457, 0.00042414545454545457, 0.00042414545454545457, 0.00042414545454545457, 0.00042414545454545457, 0.00042414545454545457, 0.00042414545454545457, 0.00042414545454545457, 0.00045556363636363635, 0.00045556363636363635, 0.00045556363636363635, 0.00045556363636363635, 0.00045556363636363635, 0.00045556363636363635, 0.00045556363636363635, 0.00045556363636363635, 0.00045556363636363635, 0.00045556363636363635, 0.00048698181818181813, 0.00048698181818181813, 0.00048698181818181813, 0.00048698181818181813, 0.00048698181818181813, 0.00048698181818181813, 0.00048698181818181813, 0.0005184, 0.0005184, 0.0005184, 51.200267054545456, 51.200298472727276, 51.20029847272728, 51.20029847272728, 51.200329890909096, 51.200329890909096, 51.200329890909096, 51.200361309090916, 51.200361309090916, 51.200361309090916, 51.200361309090916, 51.200392727272735, 51.200392727272735, 51.20042414545455, 51.20042414545455, 51.20051840000001, 51.20054981818183, 102.40032989090909, 102.40051840000001, 204.8004241454546, 307.2004241454546]
Max connection times: [0.00029847272727272727, 0.00029847272727272727, 0.00029847272727272727, 0.00029847272727272727, 0.00029847272727272727, 0.00029847272727272727, 0.00029847272727272727, 0.0003613090909090909, 0.0003613090909090909, 0.0003613090909090909, 0.0003613090909090909, 0.0003613090909090909, 0.0003613090909090909, 0.0003613090909090909, 0.0003613090909090909, 0.0003613090909090909, 0.0003613090909090909, 0.0003613090909090909, 0.0003613090909090909, 0.0004241454545454545, 0.0004241454545454545, 0.0004241454545454545, 0.0004241454545454545, 0.0004241454545454545, 0.0004241454545454545, 0.0004241454545454545, 0.0004241454545454545, 0.0004241454545454545, 0.0004241454545454545, 0.0004241454545454545, 0.0004241454545454545, 0.0004241454545454545, 0.0004869818181818182, 0.0004869818181818182, 0.0004869818181818182, 0.0004869818181818182, 0.0004869818181818182, 0.0004869818181818182, 0.0004869818181818182, 0.0004869818181818182, 0.0004869818181818182, 0.0004869818181818182, 0.0004869818181818182, 0.0004869818181818182, 0.0004869818181818182, 0.0004869818181818182, 0.0004869818181818182, 0.0004869818181818182, 0.0004869818181818182, 0.0004869818181818182, 0.0004869818181818182, 0.0005498181818181818, 0.0005498181818181818, 0.0005498181818181818, 0.0005498181818181818, 0.0005498181818181818, 0.0005498181818181818, 0.0005498181818181818, 0.0005498181818181818, 0.0005498181818181818, 0.0005498181818181818, 0.0005498181818181818, 0.0005498181818181818, 0.0005498181818181818, 0.0005498181818181818, 0.0005498181818181818, 0.0005498181818181818, 0.0005498181818181818, 0.0005498181818181818, 0.0005498181818181818, 0.0005498181818181818, 0.0005498181818181818, 0.0005498181818181818, 0.0005498181818181818, 0.0005498181818181818, 0.0005498181818181818, 0.0005498181818181818, 0.0005498181818181818, 0.0005498181818181818, 102.40023563636365, 102.40023563636365, 102.40023563636365, 102.40023563636365, 102.40023563636365, 102.40023563636365, 102.40029847272729, 102.40029847272729, 102.40036130909093, 102.40036130909093, 102.40036130909093, 102.40036130909093, 102.40042414545455, 102.40042414545455, 102.40048698181819, 102.40054981818183, 102.40054981818183, 102.40054981818183, 102.40054981818183, 204.80048698181824, 307.20054981818186]


Mobile stations: 4
Avg max intervals taken to connect all mobile stations: 1.84 , time:  188.41600000000003
Average station time taken to connect: 35.58439194181818
Avg connection times: [0.00032989090909090905, 0.00032989090909090905, 0.0003456, 0.0003456, 0.0003613090909090909, 0.0003613090909090909, 0.0003613090909090909, 0.0003613090909090909, 0.0003613090909090909, 0.0003613090909090909, 0.0003770181818181818, 0.00037701818181818184, 0.00037701818181818184, 0.00037701818181818184, 0.0003927272727272727, 0.0003927272727272727, 0.0004084363636363636, 0.0004084363636363636, 0.0004084363636363636, 0.00042414545454545457, 0.00042414545454545457, 0.00042414545454545457, 0.00042414545454545457, 0.00042414545454545457, 0.0004398545454545454, 0.0004398545454545454, 0.0004398545454545454, 0.00045556363636363635, 0.00045556363636363635, 0.00045556363636363635, 25.600298472727275, 25.600314181818185, 25.600329890909094, 25.600329890909094, 25.600345600000004, 25.600345600000004, 25.600345600000004, 25.600345600000004, 25.600345600000004, 25.600345600000004, 25.60036130909091, 25.60036130909091, 25.60036130909091, 25.60036130909091, 25.600361309090914, 25.600361309090914, 25.60037701818182, 25.60037701818182, 25.60037701818182, 25.60039272727273, 25.60039272727273, 25.60039272727273, 25.60039272727273, 25.60039272727273, 25.600408436363637, 25.60040843636364, 25.60040843636364, 25.600424145454546, 25.600424145454546, 25.60042414545455, 25.60042414545455, 25.600439854545456, 25.600439854545456, 25.600455563636366, 25.600471272727276, 25.600486981818182, 25.600486981818186, 51.20029847272728, 51.200329890909096, 51.200329890909096, 51.200345600000006, 51.200345600000006, 51.200345600000006, 51.200377018181825, 51.200377018181825, 51.200377018181825, 51.20039272727273, 51.200392727272735, 51.20042414545455, 51.20042414545455, 51.20042414545455, 51.20042414545455, 51.20042414545455, 51.20043985454546, 51.200439854545465, 51.20045556363637, 51.20048698181819, 76.80037701818183, 76.80039272727274, 102.40039272727275, 102.40040843636366, 102.40043985454548, 102.40045556363638, 128.00034560000003, 128.00034560000003, 128.00039272727275, 128.00039272727275, 153.60039272727275, 153.60043985454547, 204.80040843636363]
Max connection times: [0.0004241454545454545, 0.0004241454545454545, 0.0004869818181818182, 0.0004869818181818182, 0.0004869818181818182, 0.0004869818181818182, 0.0004869818181818182, 0.0004869818181818182, 0.0005498181818181818, 0.0005498181818181818, 0.0005498181818181818, 0.0005498181818181818, 0.0005498181818181818, 0.0005498181818181818, 0.0005498181818181818, 0.0005498181818181818, 0.0005498181818181818, 0.0005498181818181818, 0.0005498181818181818, 0.0005498181818181818, 0.0005498181818181818, 0.0005498181818181818, 0.0005498181818181818, 0.0005498181818181818, 0.0005498181818181818, 0.0005498181818181818, 0.0005498181818181818, 0.0005498181818181818, 0.0005498181818181818, 0.0005498181818181818, 102.40023563636365, 102.40023563636365, 102.40023563636365, 102.40023563636365, 102.40023563636365, 102.40029847272729, 102.40029847272729, 102.40029847272729, 102.40029847272729, 102.40029847272729, 102.40029847272729, 102.40029847272729, 102.40029847272729, 102.40036130909093, 102.40036130909093, 102.40036130909093, 102.40036130909093, 102.40036130909093, 102.40036130909093, 102.40036130909093, 102.40036130909093, 102.40036130909093, 102.40042414545455, 102.40042414545455, 102.40042414545455, 102.40042414545455, 102.40042414545455, 102.40042414545455, 102.40042414545455, 102.40042414545455, 102.40042414545455, 102.40042414545455, 102.40048698181819, 102.40048698181819, 102.40048698181819, 102.40048698181819, 102.40048698181819, 102.40048698181819, 102.40048698181819, 102.40048698181819, 102.40048698181819, 102.40048698181819, 102.40048698181819, 102.40048698181819, 102.40048698181819, 102.40054981818183, 102.40054981818183, 102.40054981818183, 102.40054981818183, 102.40054981818183, 102.40054981818183, 102.40054981818183, 102.40054981818183, 102.40054981818183, 102.40054981818183, 102.40054981818183, 102.40054981818183, 102.40054981818183, 204.80029847272732, 204.80036130909096, 204.80036130909096, 204.80036130909096, 204.8004241454546, 204.80048698181824, 204.80048698181824, 204.80054981818185, 204.80054981818185, 204.80054981818185, 204.80054981818185, 409.60042414545455]


Mobile stations: 6
Avg max intervals taken to connect all mobile stations: 2.4 , time:  245.76
Average station time taken to connect: 57.515058660848474
Avg connection times: [0.0003927272727272727, 0.0003927272727272727, 0.0003927272727272727, 17.06703844848485, 17.067048921212123, 17.067048921212123, 17.067048921212123, 17.067048921212123, 17.067048921212123, 17.067059393939395, 17.067059393939395, 17.067059393939395, 17.067059393939395, 17.067069866666667, 17.067069866666667, 17.067080339393943, 17.06709081212121, 17.067101284848487, 34.1336736969697, 34.1336736969697, 34.13368416969697, 34.13368416969698, 34.13370511515152, 34.13370511515152, 34.13370511515152, 34.13370511515152, 34.13370511515152, 34.13370511515152, 34.13370511515152, 34.13371558787879, 34.13371558787879, 34.13371558787879, 34.13371558787879, 34.133726060606065, 34.133726060606065, 34.133726060606065, 34.133726060606065, 34.133726060606065, 34.13374700606061, 34.13374700606061, 34.13374700606061, 34.13376795151515, 34.13376795151515, 34.13376795151515, 34.13376795151515, 34.13377842424243, 34.13377842424243, 34.1337888969697, 34.1337888969697, 51.200329890909096, 51.20036130909091, 51.200371781818184, 51.200371781818184, 51.200392727272735, 51.200392727272735, 51.200403200000004, 51.200403200000004, 51.20042414545455, 51.20042414545455, 51.20044509090909, 51.20046603636364, 68.26697561212121, 68.26700703030305, 68.26703844848485, 68.26703844848485, 68.26704892121212, 68.26704892121212, 68.26704892121214, 68.26708033939394, 68.26708033939396, 68.26709081212122, 68.26709081212122, 68.26711175757578, 85.33361086060609, 85.33367369696971, 85.33367369696971, 85.33371558787879, 85.33371558787879, 85.33371558787881, 85.33373653333335, 85.33373653333335, 85.33374700606062, 85.3337574787879, 102.40037178181821, 102.40038225454548, 102.40039272727275, 102.40039272727275, 102.40040320000003, 102.40042414545456, 102.40043461818182, 119.46700703030304, 119.46706986666669, 136.53369464242425, 136.53370511515155, 136.53373653333335, 136.5337574787879, 153.6003613090909, 153.60044509090912, 170.6669965575758, 170.6670593939394]
Max connection times: [0.0005498181818181818, 0.0005498181818181818, 0.0005498181818181818, 102.40023563636365, 102.40023563636365, 102.40023563636365, 102.40029847272729, 102.40029847272729, 102.40036130909093, 102.40036130909093, 102.40036130909093, 102.40036130909093, 102.40036130909093, 102.40036130909093, 102.40036130909093, 102.40036130909093, 102.40036130909093, 102.40042414545455, 102.40042414545455, 102.40042414545455, 102.40042414545455, 102.40042414545455, 102.40042414545455, 102.40042414545455, 102.40042414545455, 102.40042414545455, 102.40048698181819, 102.40048698181819, 102.40048698181819, 102.40048698181819, 102.40048698181819, 102.40048698181819, 102.40048698181819, 102.40048698181819, 102.40048698181819, 102.40048698181819, 102.40048698181819, 102.40048698181819, 102.40048698181819, 102.40054981818183, 102.40054981818183, 102.40054981818183, 102.40054981818183, 102.40054981818183, 102.40054981818183, 102.40054981818183, 102.40054981818183, 102.40054981818183, 102.40054981818183, 102.40054981818183, 102.40054981818183, 102.40054981818183, 102.40054981818183, 102.40054981818183, 102.40054981818183, 102.40054981818183, 102.40054981818183, 102.40054981818183, 102.40054981818183, 102.40054981818183, 102.40054981818183, 102.40054981818183, 102.40054981818183, 102.40054981818183, 102.40054981818183, 204.80023563636368, 204.80023563636368, 204.80023563636368, 204.80023563636368, 204.80023563636368, 204.80023563636368, 204.80029847272732, 204.80029847272732, 204.80036130909096, 204.80036130909096, 204.8004241454546, 204.8004241454546, 204.8004241454546, 204.8004241454546, 204.8004241454546, 204.80048698181824, 204.80048698181824, 204.80048698181824, 204.80048698181824, 204.80048698181824, 204.80048698181824, 204.80054981818185, 204.80054981818185, 204.80054981818185, 204.80054981818185, 204.80054981818185, 204.80054981818185, 204.80054981818185, 307.2002984727273, 307.20036130909097, 307.20048698181824, 307.20048698181824, 307.20048698181824, 307.20054981818186, 409.60036130909094]


Mobile stations: 10
Avg max intervals taken to connect all mobile stations: 3.35 , time:  343.04
Average station time taken to connect: 95.02759335563644
Avg connection times: [40.96040529454546, 51.20036759272729, 51.20039272727273, 51.200399010909095, 51.200399010909095, 51.20041786181819, 61.44034245818183, 61.44037387636365, 61.44038016000002, 61.44039272727274, 61.44039272727274, 61.4403990109091, 61.4403990109091, 61.440399010909104, 61.440399010909104, 61.440405294545464, 61.44041157818183, 61.44042414545455, 71.68035502545456, 71.68036130909093, 71.68038016000001, 71.68038644363637, 71.68039272727273, 71.68039272727273, 71.6803990109091, 71.6803990109091, 71.68041157818183, 71.68041157818183, 71.68041786181819, 81.92034874181819, 81.92036130909094, 81.92037387636364, 81.92037387636364, 81.92037387636366, 81.92038016000001, 81.92038644363637, 81.92039901090911, 81.92039901090911, 81.92039901090911, 81.92040529454547, 81.92040529454547, 81.92041157818184, 81.92041157818184, 81.9204178618182, 81.92042414545456, 81.92043042909093, 92.16033617454548, 92.16034245818184, 92.16036759272728, 92.1603675927273, 92.16037387636365, 92.16038016000002, 92.16039901090912, 92.16040529454547, 92.16042414545456, 92.16042414545457, 92.16042414545457, 92.16042414545457, 92.16043671272729, 102.40034874181819, 102.40037387636366, 102.40038016000003, 102.40038644363638, 102.40038644363638, 102.40038644363639, 102.40039272727275, 102.40039272727275, 102.40039272727276, 102.40039901090908, 102.40040529454548, 102.40043042909092, 112.64036759272729, 112.64038016000002, 112.6403864436364, 112.64039272727275, 112.64041157818185, 112.64043042909093, 122.88038016, 122.88038016000003, 122.88039272727273, 122.88039272727276, 122.88039272727276, 122.8803990109091, 122.8804052945455, 122.8804178618182, 122.8804178618182, 122.88042414545457, 133.12034245818185, 133.12038016000002, 133.12041157818183, 133.1204178618182, 133.12041786181823, 143.36039901090913, 143.3604304290909, 143.36044299636364, 153.60036130909094, 163.84036759272732, 163.84039901090915, 163.8404052945455, 215.04029847272727]
Max connection times: [102.40048698181819, 102.40054981818183, 102.40054981818183, 102.40054981818183, 102.40054981818183, 204.80023563636368, 204.80023563636368, 204.80023563636368, 204.80023563636368, 204.80023563636368, 204.80029847272732, 204.80029847272732, 204.80029847272732, 204.80029847272732, 204.80036130909096, 204.80036130909096, 204.80036130909096, 204.8004241454546, 204.8004241454546, 204.8004241454546, 204.8004241454546, 204.8004241454546, 204.8004241454546, 204.8004241454546, 204.8004241454546, 204.8004241454546, 204.8004241454546, 204.8004241454546, 204.8004241454546, 204.8004241454546, 204.8004241454546, 204.8004241454546, 204.80048698181824, 204.80048698181824, 204.80048698181824, 204.80048698181824, 204.80048698181824, 204.80048698181824, 204.80048698181824, 204.80048698181824, 204.80054981818185, 204.80054981818185, 204.80054981818185, 204.80054981818185, 204.80054981818185, 204.80054981818185, 204.80054981818185, 204.80054981818185, 204.80054981818185, 204.80054981818185, 204.80054981818185, 204.80054981818185, 204.80054981818185, 204.80054981818185, 204.80054981818185, 204.80054981818185, 204.80054981818185, 204.80054981818185, 204.80054981818185, 204.80054981818185, 204.80054981818185, 204.80054981818185, 204.80054981818185, 307.2002356363637, 307.2002984727273, 307.2002984727273, 307.2002984727273, 307.2002984727273, 307.20036130909097, 307.20036130909097, 307.20036130909097, 307.2004241454546, 307.2004241454546, 307.2004241454546, 307.2004241454546, 307.2004241454546, 307.2004241454546, 307.2004241454546, 307.2004241454546, 307.2004241454546, 307.20048698181824, 307.20048698181824, 307.20048698181824, 307.20048698181824, 307.20048698181824, 307.20054981818186, 307.20054981818186, 307.20054981818186, 307.20054981818186, 307.20054981818186, 307.20054981818186, 307.20054981818186, 307.20054981818186, 307.20054981818186, 307.20054981818186, 307.20054981818186, 307.20054981818186, 307.20054981818186, 409.60042414545455, 512.0004241454544]


Mobile stations: 14
Avg max intervals taken to connect all mobile stations: 4.61 , time:  472.0640000000001
Average station time taken to connect: 155.72153329537664
Avg connection times: [80.45752211948054, 95.08610701298703, 102.40039272727276, 102.40040170389612, 109.71463804675328, 109.71466946493508, 109.71467395324677, 109.71467844155846, 109.71469190649351, 109.71470537142861, 117.02893273766236, 117.02894620259744, 117.02895069090911, 117.0289551792208, 117.02895517922082, 117.02895966753249, 117.02896415584418, 117.02897762077926, 117.02898210909093, 124.34322742857145, 124.34324538181819, 124.34324538181819, 124.3432453818182, 124.3432453818182, 124.3432453818182, 124.34325884675329, 124.34326782337665, 131.65752211948055, 131.65753109610392, 131.6575400727273, 131.65754904935068, 131.65755802597405, 131.6575714909091, 138.9717853922078, 138.9718033454546, 138.97180783376626, 138.97181681038964, 138.97181681038964, 138.971825787013, 138.97183027532472, 138.97183027532472, 146.28607559480523, 146.28607559480523, 146.2860890597403, 146.28609354805195, 146.28609354805198, 146.28609803636368, 146.28610252467533, 146.28610252467539, 146.28610252467539, 146.28610701298703, 146.28611150129873, 146.28611150129876, 146.2861159896104, 146.2861294545455, 146.28613843116887, 153.60038823896107, 153.60039721558448, 153.60040170389613, 153.6004196571429, 153.60043312207796, 160.91464702337663, 160.9146649766234, 160.91466497662344, 160.9146694649351, 160.9146829298702, 160.91469639480525, 168.22896864415588, 168.22897313246753, 175.54321396363642, 175.54324538181822, 182.8574907012987, 182.85749518961038, 182.85751763116883, 190.17178090389618, 190.17178539220782, 190.17180783376625, 190.17180783376625, 190.17180783376628, 190.1718302753247, 190.17183027532474, 190.17183476363638, 190.17183476363638, 190.1718437402598, 190.17186169350651, 197.48610252467535, 197.48610252467537, 204.8003837506494, 204.80039272727274, 204.80040170389614, 204.80042863376624, 212.1146649766234, 212.11467844155842, 212.11470537142864, 219.42897313246755, 234.05756251428573, 241.37180783376624, 241.37181681038962, 248.68611150129868, 292.57178090389607]
Max connection times: [204.8004241454546, 204.80054981818185, 307.2002356363637, 307.2002356363637, 307.2002984727273, 307.2002984727273, 307.20036130909097, 307.20036130909097, 307.20036130909097, 307.20036130909097, 307.20036130909097, 307.20036130909097, 307.20036130909097, 307.20036130909097, 307.20036130909097, 307.20036130909097, 307.20036130909097, 307.2004241454546, 307.2004241454546, 307.2004241454546, 307.2004241454546, 307.2004241454546, 307.2004241454546, 307.20048698181824, 307.20048698181824, 307.20048698181824, 307.20048698181824, 307.20048698181824, 307.20048698181824, 307.20048698181824, 307.20048698181824, 307.20048698181824, 307.20048698181824, 307.20048698181824, 307.20048698181824, 307.20048698181824, 307.20048698181824, 307.20048698181824, 307.20048698181824, 307.20048698181824, 307.20054981818186, 307.20054981818186, 307.20054981818186, 307.20054981818186, 307.20054981818186, 307.20054981818186, 307.20054981818186, 307.20054981818186, 307.20054981818186, 307.20054981818186, 307.20054981818186, 307.20054981818186, 409.60023563636366, 409.60023563636366, 409.60023563636366, 409.60023563636366, 409.60023563636366, 409.6002984727273, 409.6002984727273, 409.6002984727273, 409.60036130909094, 409.60036130909094, 409.60036130909094, 409.60036130909094, 409.60042414545455, 409.60042414545455, 409.60042414545455, 409.60042414545455, 409.60042414545455, 409.6004869818182, 409.6004869818182, 409.6004869818182, 409.6004869818182, 409.6004869818182, 409.6004869818182, 409.60054981818183, 409.60054981818183, 409.60054981818183, 409.60054981818183, 409.60054981818183, 409.60054981818183, 409.60054981818183, 409.60054981818183, 409.60054981818183, 409.60054981818183, 409.60054981818183, 409.60054981818183, 409.60054981818183, 512.0002356363635, 512.0002356363635, 512.0003613090907, 512.0004241454544, 512.0004241454544, 512.0004241454544, 512.0004869818181, 512.0005498181818, 512.0005498181818, 614.4002984727272, 614.4002984727272, 614.4005498181817]


Mobile stations: 18
Avg max intervals taken to connect all mobile stations: 5.66 , time:  579.5840000000001
Average station time taken to connect: 209.8066134484041
Avg connection times: [130.84482669898995, 130.84483368080814, 136.53371558787885, 147.91147940202023, 147.91151431111115, 153.60038923636367, 153.60039272727278, 153.60039621818183, 159.28926067070708, 159.28927114343438, 159.28928161616165, 159.28928510707075, 164.9781460686869, 164.97816003232325, 164.97816352323235, 164.97816352323238, 164.97816701414146, 164.97817050505054, 170.6670384484849, 170.6670663757576, 170.66707335757576, 176.35591337373742, 176.35593781010104, 176.35593781010104, 176.35593781010107, 176.35594130101015, 176.35594479191923, 176.35594479191926, 176.3559936646465, 182.04483368080815, 182.0448371717172, 182.0448371717172, 182.04484066262629, 187.73371209696973, 187.73372256969697, 187.73374002424245, 193.42260098585862, 193.4226044767677, 193.4226114585859, 193.42263240404043, 199.11147940202022, 199.1114898747475, 199.11148987474752, 199.11151082020206, 199.11152478383843, 204.80036480000004, 204.80036829090915, 204.80037527272725, 204.80037876363636, 204.80038923636369, 204.80039272727277, 204.80039621818185, 204.80039970909098, 204.8004101818182, 210.4892606707071, 210.48927812525255, 210.4892920888889, 210.48930605252522, 216.17815654141418, 216.17815654141418, 216.17818097777783, 216.17818097777783, 216.17819145050507, 221.86701401212125, 221.86704892121213, 221.86706986666672, 221.86708033939397, 227.55593781010106, 227.55595177373743, 227.5559552646465, 227.55596922828286, 233.2448336808081, 238.9337365333333, 238.93376096969692, 238.93378889696973, 244.6226009858586, 244.62260447676766, 244.62262193131312, 244.62262542222223, 244.6226393858586, 250.3114933656566, 250.31151082020202, 250.31152129292929, 256.00036479999994, 256.0003717818182, 256.0003962181819, 261.6892676525252, 261.68927463434346, 261.68928510707065, 261.68929208888886, 273.0670454303031, 273.0670628848485, 273.06708732121217, 278.7559413010101, 284.4448266989899, 284.44483018989905, 290.1337155878788, 301.5115108202019, 324.26703146666665, 329.95598319191913]
Max connection times: [307.2004241454546, 307.20048698181824, 307.20054981818186, 307.20054981818186, 307.20054981818186, 307.20054981818186, 307.20054981818186, 307.20054981818186, 409.60023563636366, 409.6002984727273, 409.6002984727273, 409.6002984727273, 409.60036130909094, 409.60042414545455, 409.60042414545455, 409.60042414545455, 409.60042414545455, 409.60042414545455, 409.6004869818182, 409.6004869818182, 409.6004869818182, 409.6004869818182, 409.6004869818182, 409.6004869818182, 409.6004869818182, 409.6004869818182, 409.6004869818182, 409.6004869818182, 409.6004869818182, 409.6004869818182, 409.6004869818182, 409.60054981818183, 409.60054981818183, 409.60054981818183, 409.60054981818183, 409.60054981818183, 409.60054981818183, 409.60054981818183, 409.60054981818183, 409.60054981818183, 409.60054981818183, 409.60054981818183, 409.60054981818183, 409.60054981818183, 409.60054981818183, 409.60054981818183, 512.0002356363635, 512.0002984727272, 512.0002984727272, 512.0002984727272, 512.0002984727272, 512.0003613090907, 512.0003613090907, 512.0003613090907, 512.0003613090907, 512.0004241454544, 512.0004241454544, 512.0004241454544, 512.0004241454544, 512.0004241454544, 512.0004241454544, 512.0004241454544, 512.0004869818181, 512.0004869818181, 512.0004869818181, 512.0004869818181, 512.0004869818181, 512.0004869818181, 512.0004869818181, 512.0004869818181, 512.0004869818181, 512.0004869818181, 512.0005498181818, 512.0005498181818, 512.0005498181818, 512.0005498181818, 512.0005498181818, 512.0005498181818, 512.0005498181818, 512.0005498181818, 512.0005498181818, 512.0005498181818, 512.0005498181818, 512.0005498181818, 614.4002356363635, 614.4002356363635, 614.4002984727272, 614.4002984727272, 614.4003613090907, 614.4003613090907, 614.4004241454544, 614.4004869818181, 614.4004869818181, 614.4004869818181, 614.4005498181817, 614.4005498181817, 614.4005498181817, 716.8004241454544, 716.800486981818, 819.2005498181817]


Mobile stations: 22
Avg max intervals taken to connect all mobile stations: 7.02 , time:  718.848
Average station time taken to connect: 293.4229390386778
Avg connection times: [186.18221376528933, 200.14584156033064, 204.80038987107443, 214.10951505454548, 218.7640062413223, 218.7640290909091, 223.41855740826452, 223.41857168925625, 223.41857454545453, 223.41858025785123, 223.41858311404965, 228.07309715041322, 228.07312285619838, 228.07312571239675, 228.07312856859505, 232.72764831735546, 232.7276940165289, 237.38219662809922, 237.38221662148763, 237.3822223338843, 242.03674779504135, 242.0367506512397, 242.0367506512397, 242.03676493223148, 246.69129039338847, 246.69129324958678, 246.69129896198356, 246.691318955372, 246.69133038016528, 251.34583013553723, 251.34583870413226, 251.3458472727273, 251.3458501289256, 251.34585298512394, 251.34586155371906, 251.34587012231407, 256.0003841586777, 256.0003898710744, 256.0004070082645, 256.00041557685955, 260.6549553190082, 260.6549581752066, 265.30946935537196, 265.30949220495876, 269.9640205223141, 269.9640290909091, 269.9640290909091, 269.9640348033058, 269.96404622809916, 274.61855455206614, 274.6185716892562, 274.61858025785125, 279.27310857520666, 279.27310857520666, 279.27312285619837, 283.92765117355367, 283.9276911603306, 283.92769687272727, 288.58222233388426, 293.2367563636364, 293.2367649322313, 293.2367792132231, 302.5458129983472, 302.54581871074384, 302.5458244231406, 307.2003727338843, 307.2003927272728, 307.2004127206612, 311.8549467504132, 311.85494960661157, 311.8549496066116, 316.5095064859504, 325.8185631206611, 330.47309429421495, 330.47312285619824, 330.47312856859503, 335.1276368925619, 344.43673922644626, 344.4367763570247, 349.091261831405, 353.7458272793388, 353.7458387041322, 358.40040129586777, 363.0549067636364, 363.0549496066115, 363.05494960661156, 363.05495817520654, 367.7094779239669, 381.67311714380156, 381.6731314247934, 390.98222519008254, 395.63676207603294, 400.29127325619834, 400.2912989619834, 404.9458444165289, 418.9094864925619, 423.5640576528926, 498.03678206942135, 521.309486492562, 549.2367677884296]
Max connection times: [409.6004869818182, 409.60054981818183, 409.60054981818183, 409.60054981818183, 409.60054981818183, 512.0002356363635, 512.0002984727272, 512.0003613090907, 512.0004241454544, 512.0004241454544, 512.0004241454544, 512.0004869818181, 512.0004869818181, 512.0004869818181, 512.0004869818181, 512.0004869818181, 512.0004869818181, 512.0005498181818, 512.0005498181818, 512.0005498181818, 512.0005498181818, 512.0005498181818, 512.0005498181818, 512.0005498181818, 512.0005498181818, 512.0005498181818, 512.0005498181818, 512.0005498181818, 512.0005498181818, 512.0005498181818, 512.0005498181818, 512.0005498181818, 512.0005498181818, 614.4002356363635, 614.4002356363635, 614.4002984727272, 614.4002984727272, 614.4002984727272, 614.4003613090907, 614.4003613090907, 614.4003613090907, 614.4003613090907, 614.4003613090907, 614.4003613090907, 614.4003613090907, 614.4004241454544, 614.4004241454544, 614.4004241454544, 614.4004241454544, 614.4004869818181, 614.4004869818181, 614.4004869818181, 614.4004869818181, 614.4004869818181, 614.4004869818181, 614.4004869818181, 614.4004869818181, 614.4004869818181, 614.4005498181817, 614.4005498181817, 614.4005498181817, 614.4005498181817, 614.4005498181817, 614.4005498181817, 614.4005498181817, 614.4005498181817, 614.4005498181817, 614.4005498181817, 614.4005498181817, 614.4005498181817, 614.4005498181817, 614.4005498181817, 716.8002356363635, 716.8002356363635, 716.8004241454544, 716.8004241454544, 716.8004241454544, 716.8004241454544, 716.800486981818, 716.800486981818, 716.800486981818, 716.800486981818, 716.800486981818, 716.800486981818, 716.800486981818, 716.8005498181817, 716.8005498181817, 716.8005498181817, 716.8005498181817, 716.8005498181817, 716.8005498181817, 716.8005498181817, 819.200486981818, 819.200486981818, 819.2005498181817, 819.2005498181817, 819.2005498181817, 921.6005498181817, 921.6005498181817, 1024.0004241454546]


Mobile stations: 25
Avg max intervals taken to connect all mobile stations: 8.19 , time:  838.656
Average station time taken to connect: 349.8807122245817
Avg connection times: [225.28039398400003, 241.66437638981822, 253.952393984, 258.04837136290905, 258.04837136290917, 262.14439147054543, 270.3363738763636, 270.3363839301819, 270.3363864436364, 274.4323889570909, 278.52839398399993, 278.5283964974545, 278.52839649745454, 282.6243964974546, 282.6244040378182, 286.72039147054545, 286.7204090647273, 290.8164015243637, 290.81640403781813, 290.81642163199996, 294.9123789032728, 294.91240403781813, 299.00838644363637, 299.0083964974545, 299.00839901090905, 299.0083990109091, 299.0084015243637, 299.0084140916364, 307.20036884945455, 307.20038644363643, 307.20038644363643, 307.20039147054547, 315.39238141672723, 315.3923914705455, 315.3924065512727, 315.39240655127276, 319.4883964974546, 319.48840152436355, 319.48840152436367, 323.58438141672724, 323.58439398400003, 327.6803889570909, 327.68039147054543, 327.68039649745447, 331.77637387636355, 331.77638393018185, 331.7763864436363, 331.7763889570909, 331.7763939839999, 335.87236633599997, 335.8723889570909, 335.8724040378181, 335.8724191185454, 339.9683914705454, 344.064371362909, 352.25636884945453, 352.25639901090904, 352.25640403781813, 352.2564140916363, 360.44838895709086, 360.44839398399995, 360.4484090647272, 364.5443864436363, 364.5443964974545, 364.5444065512727, 368.64037136290904, 368.64039901090905, 372.7363939839999, 372.73640403781815, 376.83239398399996, 380.92838644363627, 380.92839649745457, 385.0243638225454, 389.1203839301818, 389.1204115781817, 393.216393984, 393.2163990109091, 393.21640403781817, 401.4083889570908, 401.4083914705453, 401.40839398399993, 401.408393984, 401.408393984, 405.5043763898183, 405.5043889570908, 409.6003763898181, 413.69637890327266, 430.080366336, 430.08038393018177, 430.08039649745444, 446.4644065512727, 446.46440906472725, 458.75239398399987, 458.7524040378181, 462.8483864436363, 462.84840906472726, 483.328399010909, 487.424393984, 536.5763688494545, 684.0323864436364]
Max connection times: [512.0004869818181, 512.0005498181818, 512.0005498181818, 512.0005498181818, 512.0005498181818, 614.4002356363635, 614.4003613090907, 614.4003613090907, 614.4003613090907, 614.4004241454544, 614.4004241454544, 614.4004241454544, 614.4004241454544, 614.4004241454544, 614.4004869818181, 614.4005498181817, 614.4005498181817, 614.4005498181817, 614.4005498181817, 614.4005498181817, 614.4005498181817, 614.4005498181817, 716.8002356363635, 716.8002356363635, 716.8002356363635, 716.8002984727271, 716.8002984727271, 716.8003613090907, 716.8003613090907, 716.8003613090907, 716.8003613090907, 716.8003613090907, 716.8003613090907, 716.8004241454544, 716.8004241454544, 716.8004241454544, 716.8004241454544, 716.8004241454544, 716.8004241454544, 716.8004241454544, 716.8004241454544, 716.8004241454544, 716.8004241454544, 716.8004241454544, 716.800486981818, 716.800486981818, 716.800486981818, 716.800486981818, 716.800486981818, 716.800486981818, 716.800486981818, 716.800486981818, 716.800486981818, 716.8005498181817, 716.8005498181817, 716.8005498181817, 716.8005498181817, 716.8005498181817, 716.8005498181817, 716.8005498181817, 716.8005498181817, 716.8005498181817, 716.8005498181817, 716.8005498181817, 716.8005498181817, 716.8005498181817, 716.8005498181817, 716.8005498181817, 716.8005498181817, 716.8005498181817, 819.2002984727271, 819.2003613090907, 819.2003613090907, 819.2003613090907, 819.2003613090907, 819.2004241454543, 819.2004241454543, 819.200486981818, 819.200486981818, 819.200486981818, 819.200486981818, 819.200486981818, 819.2005498181817, 819.2005498181817, 819.2005498181817, 819.2005498181817, 819.2005498181817, 819.2005498181817, 921.6002356363634, 921.6002356363634, 921.6002984727271, 921.6003613090907, 921.6004241454543, 921.600486981818, 921.6005498181817, 921.6005498181817, 921.6005498181817, 1024.0004241454546, 1024.0005498181818, 1126.4005498181816]
