AP position [0, -1.29, 0.0]
AP sectors 12
Mob sectors: 4
Sls slots: 6


Mobile stations: 1
Avg max intervals taken to connect all mobile stations: 1.0 , time:  102.4
Average station time taken to connect: 0.0010332392727272737
Avg connection times: [0.00023563636363636362, 0.00023563636363636362, 0.00023563636363636362, 0.00023563636363636362, 0.00023563636363636362, 0.00023563636363636362, 0.00023563636363636362, 0.00023563636363636362, 0.00023563636363636362, 0.00023563636363636362, 0.00023563636363636362, 0.00023563636363636362, 0.00023563636363636362, 0.00023563636363636362, 0.00023563636363636362, 0.00023563636363636362, 0.00023563636363636362, 0.00023563636363636362, 0.00023563636363636362, 0.00023563636363636362, 0.00023563636363636362, 0.00023563636363636362, 0.00023563636363636362, 0.0005707636363636364, 0.0005707636363636364, 0.0005707636363636364, 0.0005707636363636364, 0.0005707636363636364, 0.0005707636363636364, 0.0005707636363636364, 0.0005707636363636364, 0.0005707636363636364, 0.0005707636363636364, 0.0005707636363636364, 0.0005707636363636364, 0.0005707636363636364, 0.0005707636363636364, 0.0009058909090909091, 0.0009058909090909091, 0.0009058909090909091, 0.0009058909090909091, 0.0009058909090909091, 0.0009058909090909091, 0.0009058909090909091, 0.0009058909090909091, 0.0009058909090909091, 0.0009058909090909091, 0.0009058909090909091, 0.0009058909090909091, 0.0009058909090909091, 0.0012410181818181818, 0.0012410181818181818, 0.0012410181818181818, 0.0012410181818181818, 0.0012410181818181818, 0.0012410181818181818, 0.0012410181818181818, 0.0012410181818181818, 0.0012410181818181818, 0.0012410181818181818, 0.0012410181818181818, 0.0012410181818181818, 0.0012410181818181818, 0.0012410181818181818, 0.0012410181818181818, 0.0012410181818181818, 0.0012410181818181818, 0.0012410181818181818, 0.0012410181818181818, 0.0015761454545454546, 0.0015761454545454546, 0.0015761454545454546, 0.0015761454545454546, 0.0015761454545454546, 0.0015761454545454546, 0.0015761454545454546, 0.0015761454545454546, 0.0015761454545454546, 0.0015761454545454546, 0.0015761454545454546, 0.0015761454545454546, 0.0015761454545454546, 0.0015761454545454546, 0.0019112727272727274, 0.0019112727272727274, 0.0019112727272727274, 0.0019112727272727274, 0.0019112727272727274, 0.0019112727272727274, 0.0019112727272727274, 0.0019112727272727274, 0.0019112727272727274, 0.0019112727272727274, 0.0019112727272727274, 0.0019112727272727274, 0.0019112727272727274, 0.0019112727272727274, 0.0019112727272727274, 0.0019112727272727274, 0.0019112727272727274]
Max connection times: [0.00023563636363636362, 0.00023563636363636362, 0.00023563636363636362, 0.00023563636363636362, 0.00023563636363636362, 0.00023563636363636362, 0.00023563636363636362, 0.00023563636363636362, 0.00023563636363636362, 0.00023563636363636362, 0.00023563636363636362, 0.00023563636363636362, 0.00023563636363636362, 0.00023563636363636362, 0.00023563636363636362, 0.00023563636363636362, 0.00023563636363636362, 0.00023563636363636362, 0.00023563636363636362, 0.00023563636363636362, 0.00023563636363636362, 0.00023563636363636362, 0.00023563636363636362, 0.0005707636363636364, 0.0005707636363636364, 0.0005707636363636364, 0.0005707636363636364, 0.0005707636363636364, 0.0005707636363636364, 0.0005707636363636364, 0.0005707636363636364, 0.0005707636363636364, 0.0005707636363636364, 0.0005707636363636364, 0.0005707636363636364, 0.0005707636363636364, 0.0005707636363636364, 0.0009058909090909091, 0.0009058909090909091, 0.0009058909090909091, 0.0009058909090909091, 0.0009058909090909091, 0.0009058909090909091, 0.0009058909090909091, 0.0009058909090909091, 0.0009058909090909091, 0.0009058909090909091, 0.0009058909090909091, 0.0009058909090909091, 0.0009058909090909091, 0.0012410181818181818, 0.0012410181818181818, 0.0012410181818181818, 0.0012410181818181818, 0.0012410181818181818, 0.0012410181818181818, 0.0012410181818181818, 0.0012410181818181818, 0.0012410181818181818, 0.0012410181818181818, 0.0012410181818181818, 0.0012410181818181818, 0.0012410181818181818, 0.0012410181818181818, 0.0012410181818181818, 0.0012410181818181818, 0.0012410181818181818, 0.0012410181818181818, 0.0012410181818181818, 0.0015761454545454546, 0.0015761454545454546, 0.0015761454545454546, 0.0015761454545454546, 0.0015761454545454546, 0.0015761454545454546, 0.0015761454545454546, 0.0015761454545454546, 0.0015761454545454546, 0.0015761454545454546, 0.0015761454545454546, 0.0015761454545454546, 0.0015761454545454546, 0.0015761454545454546, 0.0019112727272727274, 0.0019112727272727274, 0.0019112727272727274, 0.0019112727272727274, 0.0019112727272727274, 0.0019112727272727274, 0.0019112727272727274, 0.0019112727272727274, 0.0019112727272727274, 0.0019112727272727274, 0.0019112727272727274, 0.0019112727272727274, 0.0019112727272727274, 0.0019112727272727274, 0.0019112727272727274, 0.0019112727272727274, 0.0019112727272727274]


Mobile stations: 2
Avg max intervals taken to connect all mobile stations: 1.15 , time:  117.75999999999999
Average station time taken to connect: 8.705101940363642
Avg connection times: [0.00040320000000000004, 0.00040320000000000004, 0.00040320000000000004, 0.00040320000000000004, 0.00040320000000000004, 0.0005707636363636363, 0.0005707636363636363, 0.0005707636363636363, 0.0005707636363636363, 0.0005707636363636363, 0.0007383272727272727, 0.0007383272727272727, 0.0007383272727272727, 0.0007383272727272728, 0.0007383272727272728, 0.0007383272727272728, 0.0007383272727272728, 0.0007383272727272728, 0.0007383272727272728, 0.0007383272727272728, 0.0007383272727272728, 0.0009058909090909091, 0.0009058909090909091, 0.0009058909090909091, 0.0009058909090909091, 0.0009058909090909091, 0.0009058909090909091, 0.0009058909090909091, 0.0009058909090909091, 0.0009058909090909091, 0.0009058909090909091, 0.0009058909090909091, 0.0009058909090909091, 0.0009058909090909091, 0.0009058909090909091, 0.0009058909090909091, 0.0010734545454545454, 0.0010734545454545454, 0.0010734545454545454, 0.0010734545454545454, 0.0010734545454545454, 0.0010734545454545454, 0.0010734545454545454, 0.0010734545454545454, 0.0010734545454545454, 0.0010734545454545454, 0.0010734545454545454, 0.0010734545454545454, 0.0012410181818181818, 0.0012410181818181818, 0.0012410181818181818, 0.001241018181818182, 0.001241018181818182, 0.001241018181818182, 0.001241018181818182, 0.001241018181818182, 0.001241018181818182, 0.001241018181818182, 0.0014085818181818182, 0.0014085818181818182, 0.0014085818181818182, 0.0014085818181818182, 0.0014085818181818182, 0.0014085818181818182, 0.0014085818181818182, 0.0014085818181818182, 0.0015761454545454546, 0.0015761454545454546, 0.0015761454545454546, 0.0015761454545454546, 0.0015761454545454546, 0.0015761454545454546, 0.0015761454545454546, 0.0015761454545454546, 0.0015761454545454546, 0.0015761454545454546, 0.0015761454545454546, 0.0015761454545454546, 0.001743709090909091, 0.001743709090909091, 0.001743709090909091, 0.001743709090909091, 0.001743709090909091, 0.001743709090909091, 0.001743709090909091, 51.20057076363637, 51.20073832727273, 51.20073832727273, 51.2009058909091, 51.2009058909091, 51.2009058909091, 51.20107345454546, 51.201073454545465, 51.201241018181825, 51.201241018181825, 51.201241018181825, 51.20157614545455, 51.20174370909092, 102.40073832727273, 102.40124101818184]
Max connection times: [0.0005707636363636364, 0.0005707636363636364, 0.0005707636363636364, 0.0005707636363636364, 0.0005707636363636364, 0.0009058909090909091, 0.0009058909090909091, 0.0009058909090909091, 0.0009058909090909091, 0.0009058909090909091, 0.0009058909090909091, 0.0009058909090909091, 0.0009058909090909091, 0.0009058909090909091, 0.0009058909090909091, 0.0009058909090909091, 0.0009058909090909091, 0.0009058909090909091, 0.0012410181818181818, 0.0012410181818181818, 0.0012410181818181818, 0.0012410181818181818, 0.0012410181818181818, 0.0012410181818181818, 0.0012410181818181818, 0.0012410181818181818, 0.0012410181818181818, 0.0012410181818181818, 0.0012410181818181818, 0.0012410181818181818, 0.0012410181818181818, 0.0012410181818181818, 0.0012410181818181818, 0.0012410181818181818, 0.0012410181818181818, 0.0015761454545454546, 0.0015761454545454546, 0.0015761454545454546, 0.0015761454545454546, 0.0015761454545454546, 0.0015761454545454546, 0.0015761454545454546, 0.0015761454545454546, 0.0015761454545454546, 0.0015761454545454546, 0.0015761454545454546, 0.0015761454545454546, 0.0015761454545454546, 0.0015761454545454546, 0.0015761454545454546, 0.0015761454545454546, 0.0015761454545454546, 0.0019112727272727274, 0.0019112727272727274, 0.0019112727272727274, 0.0019112727272727274, 0.0019112727272727274, 0.0019112727272727274, 0.0019112727272727274, 0.0019112727272727274, 0.0019112727272727274, 0.0019112727272727274, 0.0019112727272727274, 0.0019112727272727274, 0.0019112727272727274, 0.0019112727272727274, 0.0019112727272727274, 0.0019112727272727274, 0.0019112727272727274, 0.0019112727272727274, 0.0019112727272727274, 0.0019112727272727274, 0.0019112727272727274, 0.0019112727272727274, 0.0019112727272727274, 0.0019112727272727274, 0.0019112727272727274, 0.0019112727272727274, 0.0019112727272727274, 0.0019112727272727274, 0.0019112727272727274, 0.0019112727272727274, 0.0019112727272727274, 0.0019112727272727274, 0.0019112727272727274, 102.40023563636365, 102.40023563636365, 102.40023563636365, 102.4009058909091, 102.4009058909091, 102.4009058909091, 102.4009058909091, 102.4009058909091, 102.40124101818184, 102.40157614545456, 102.40157614545456, 102.40157614545456, 102.40191127272729, 102.40191127272729, 102.40191127272729]


Mobile stations: 4
Avg max intervals taken to connect all mobile stations: 1.94 , time:  198.656
Average station time taken to connect: 39.9370801570909
Avg connection times: [0.0007383272727272728, 0.0007383272727272728, 0.000905890909090909, 0.000905890909090909, 0.000905890909090909, 0.000905890909090909, 0.0009058909090909092, 0.0009896727272727273, 0.0009896727272727273, 0.0009896727272727273, 0.0009896727272727273, 0.0010734545454545454, 0.0010734545454545454, 0.0010734545454545454, 0.0010734545454545454, 0.0010734545454545454, 0.0010734545454545454, 0.0010734545454545456, 0.0011572363636363637, 0.0012410181818181818, 0.0012410181818181818, 0.0013248000000000001, 0.0013248000000000001, 0.0014085818181818182, 25.60073832727273, 25.60073832727273, 25.600738327272733, 25.600822109090913, 25.600822109090913, 25.600822109090913, 25.600905890909093, 25.600905890909093, 25.600905890909093, 25.600905890909097, 25.600989672727277, 25.600989672727277, 25.601073454545457, 25.601073454545457, 25.601073454545457, 25.601073454545457, 25.601073454545457, 25.60107345454546, 25.60107345454546, 25.60107345454546, 25.60107345454546, 25.60115723636364, 25.60115723636364, 25.60115723636364, 25.60115723636364, 25.60115723636364, 25.60115723636364, 25.601241018181824, 25.601241018181824, 25.601241018181824, 25.601241018181824, 25.601324800000004, 25.601324800000004, 25.601408581818188, 25.601492363636368, 25.601492363636368, 25.60165992727273, 51.20040320000001, 51.200822109090915, 51.200822109090915, 51.200822109090915, 51.2009058909091, 51.2009058909091, 51.2009058909091, 51.200989672727275, 51.200989672727275, 51.200989672727275, 51.20098967272728, 51.201073454545465, 51.201073454545465, 51.201073454545465, 51.20115723636364, 51.20115723636364, 51.20115723636364, 51.20115723636364, 51.201241018181825, 51.20132480000001, 51.201408581818185, 51.20149236363637, 51.20149236363637, 76.80082210909092, 76.80090589090909, 76.8009896727273, 76.80115723636365, 76.80124101818183, 102.40065454545456, 102.40132480000003, 102.40149236363638, 102.40149236363638, 128.0010734545455, 128.00115723636367, 153.60073832727275, 153.60090589090913, 153.60098967272728, 153.6014923636364, 204.80149236363638]
Max connection times: [0.0012410181818181818, 0.0012410181818181818, 0.0015761454545454546, 0.0015761454545454546, 0.0015761454545454546, 0.0015761454545454546, 0.0015761454545454546, 0.0015761454545454546, 0.0015761454545454546, 0.0015761454545454546, 0.0015761454545454546, 0.0019112727272727274, 0.0019112727272727274, 0.0019112727272727274, 0.0019112727272727274, 0.0019112727272727274, 0.0019112727272727274, 0.0019112727272727274, 0.0019112727272727274, 0.0019112727272727274, 0.0019112727272727274, 0.0019112727272727274, 0.0019112727272727274, 0.0019112727272727274, 102.40023563636365, 102.40023563636365, 102.40023563636365, 102.40023563636365, 102.40023563636365, 102.40057076363638, 102.40057076363638, 102.40057076363638, 102.40057076363638, 102.40057076363638, 102.40057076363638, 102.40057076363638, 102.40057076363638, 102.40057076363638, 102.4009058909091, 102.4009058909091, 102.4009058909091, 102.4009058909091, 102.4009058909091, 102.4009058909091, 102.40124101818184, 102.40124101818184, 102.40124101818184, 102.40124101818184, 102.40124101818184, 102.40124101818184, 102.40124101818184, 102.40124101818184, 102.40124101818184, 102.40124101818184, 102.40124101818184, 102.40124101818184, 102.40157614545456, 102.40157614545456, 102.40157614545456, 102.40157614545456, 102.40157614545456, 102.40157614545456, 102.40157614545456, 102.40157614545456, 102.40157614545456, 102.40157614545456, 102.40157614545456, 102.40157614545456, 102.40157614545456, 102.40157614545456, 102.40191127272729, 102.40191127272729, 102.40191127272729, 102.40191127272729, 102.40191127272729, 102.40191127272729, 102.40191127272729, 102.40191127272729, 102.40191127272729, 102.40191127272729, 102.40191127272729, 102.40191127272729, 102.40191127272729, 102.40191127272729, 102.40191127272729, 102.40191127272729, 204.80090589090915, 204.80090589090915, 204.80124101818186, 204.80124101818186, 204.80191127272732, 204.80191127272732, 204.80191127272732, 204.80191127272732, 204.80191127272732, 204.80191127272732, 307.20090589090916, 307.20191127272733, 307.20191127272733, 307.20191127272733]


Mobile stations: 6
Avg max intervals taken to connect all mobile stations: 2.33 , time:  238.592
Average station time taken to connect: 54.44372839175759
Avg connection times: [17.067684266666667, 17.067684266666667, 17.067684266666667, 17.067740121212122, 17.067740121212122, 17.067740121212122, 17.067795975757576, 17.06779597575758, 17.06779597575758, 17.06779597575758, 17.06779597575758, 17.06785183030303, 17.06790768484849, 17.06790768484849, 17.06790768484849, 34.13412751515152, 34.13418336969698, 34.13418336969698, 34.13418336969698, 34.13423922424243, 34.13423922424243, 34.13423922424243, 34.134295078787886, 34.134295078787886, 34.134406787878795, 34.134462642424246, 34.134462642424246, 34.134462642424246, 34.134462642424246, 34.1345184969697, 34.1345184969697, 34.1345184969697, 34.1345184969697, 34.1345184969697, 34.134574351515155, 34.134574351515155, 34.13457435151516, 34.13463020606061, 34.13463020606061, 34.134686060606064, 34.13474191515152, 51.20062661818182, 51.20073832727274, 51.20085003636365, 51.2009058909091, 51.20096174545455, 51.20096174545455, 51.200961745454556, 51.2010176, 51.2010176, 51.20101760000001, 51.20101760000001, 51.20101760000001, 51.20101760000001, 51.20101760000001, 51.20101760000001, 51.20107345454546, 51.20107345454546, 51.20107345454547, 51.20112930909092, 51.20112930909092, 51.201185163636374, 51.201185163636374, 51.201185163636374, 51.201185163636374, 51.201241018181825, 51.201296872727276, 51.201520290909095, 68.26746084848486, 68.26757255757578, 68.26757255757578, 68.26762841212123, 68.26762841212123, 68.26762841212123, 68.26768426666668, 68.26768426666668, 68.26774012121213, 68.26779597575758, 68.26785183030303, 68.26801939393941, 85.33418336969699, 85.33423922424242, 85.33435093333334, 85.33435093333337, 85.33446264242427, 85.33468606060609, 102.4006824727273, 102.40073832727273, 102.4009058909091, 102.4009058909091, 102.40096174545458, 102.40096174545458, 102.40107345454548, 102.40124101818184, 102.40135272727275, 119.46774012121216, 119.4677959757576, 136.5340716606061, 136.53446264242427, 153.6009058909091]
Max connection times: [102.40023563636365, 102.40023563636365, 102.40023563636365, 102.40057076363638, 102.40057076363638, 102.4009058909091, 102.4009058909091, 102.4009058909091, 102.4009058909091, 102.4009058909091, 102.40124101818184, 102.40124101818184, 102.40124101818184, 102.40124101818184, 102.40124101818184, 102.40124101818184, 102.40124101818184, 102.40124101818184, 102.40124101818184, 102.40124101818184, 102.40124101818184, 102.40124101818184, 102.40124101818184, 102.40124101818184, 102.40124101818184, 102.40124101818184, 102.40124101818184, 102.40157614545456, 102.40157614545456, 102.40157614545456, 102.40157614545456, 102.40157614545456, 102.40157614545456, 102.40157614545456, 102.40157614545456, 102.40157614545456, 102.40157614545456, 102.40157614545456, 102.40157614545456, 102.40157614545456, 102.40157614545456, 102.40157614545456, 102.40157614545456, 102.40157614545456, 102.40191127272729, 102.40191127272729, 102.40191127272729, 102.40191127272729, 102.40191127272729, 102.40191127272729, 102.40191127272729, 102.40191127272729, 102.40191127272729, 102.40191127272729, 102.40191127272729, 102.40191127272729, 102.40191127272729, 102.40191127272729, 102.40191127272729, 102.40191127272729, 102.40191127272729, 102.40191127272729, 102.40191127272729, 102.40191127272729, 102.40191127272729, 102.40191127272729, 102.40191127272729, 102.40191127272729, 102.40191127272729, 102.40191127272729, 204.80023563636368, 204.80057076363641, 204.80057076363641, 204.80057076363641, 204.80090589090915, 204.80090589090915, 204.80124101818186, 204.80124101818186, 204.80124101818186, 204.80124101818186, 204.8015761454546, 204.8015761454546, 204.8015761454546, 204.8015761454546, 204.8015761454546, 204.8015761454546, 204.8015761454546, 204.8015761454546, 204.8015761454546, 204.8015761454546, 204.80191127272732, 204.80191127272732, 204.80191127272732, 204.80191127272732, 204.80191127272732, 204.80191127272732, 204.80191127272732, 307.2002356363637, 307.2005707636364, 307.2015761454546]


Mobile stations: 10
Avg max intervals taken to connect all mobile stations: 3.4 , time:  348.16
Average station time taken to connect: 98.71466138996364
Avg connection times: [40.961073454545456, 40.961106967272734, 40.961140480000005, 40.961140480000005, 51.20097291636364, 51.201039941818195, 51.201039941818195, 51.201073454545465, 51.201073454545465, 51.201073454545465, 51.201073454545465, 51.20117399272728, 61.44090589090911, 61.440939403636364, 61.44100642909092, 61.44100642909092, 61.44103994181819, 61.44110696727273, 61.44110696727273, 61.441106967272745, 61.441140480000016, 71.6809058909091, 71.68103994181818, 71.6810399418182, 71.68107345454546, 71.68110696727274, 71.68110696727275, 71.68114048000002, 71.68120750545457, 71.68124101818184, 71.6812745309091, 81.92083886545456, 81.92087237818183, 81.92090589090911, 81.92097291636364, 81.92097291636364, 81.92097291636364, 81.92110696727273, 81.92110696727275, 81.92117399272729, 81.92117399272729, 81.92124101818183, 92.16083886545456, 92.1609058909091, 92.16090589090912, 92.16093940363638, 92.16100642909092, 92.16103994181819, 92.1610399418182, 92.16107345454546, 92.16107345454546, 92.16107345454547, 92.16110696727276, 92.16114048000003, 92.1611739927273, 102.40100642909093, 102.40100642909093, 102.40100642909093, 102.4010399418182, 102.40107345454547, 102.40107345454548, 102.40110696727274, 102.40120750545456, 102.40124101818182, 112.6410399418182, 112.64107345454548, 112.64110696727275, 112.64117399272727, 112.64124101818183, 112.64137506909091, 122.88083886545455, 122.88090589090912, 122.88090589090912, 122.88097291636366, 122.88107345454546, 122.88110696727274, 122.88114048000003, 122.88114048000003, 122.88117399272728, 122.88120750545458, 133.12087237818182, 133.12087237818184, 133.1209058909091, 133.12097291636366, 133.12117399272728, 133.12120750545455, 133.1213080436364, 133.12130804363642, 143.3610064290909, 143.3610399418182, 153.60087237818183, 153.60097291636365, 153.60124101818184, 163.8409058909091, 163.8410399418182, 163.84103994181822, 163.84114048000004, 174.08087237818182, 184.32100642909094, 276.4810064290909]
Max connection times: [102.40157614545456, 102.40191127272729, 102.40191127272729, 102.40191127272729, 102.40191127272729, 102.40191127272729, 102.40191127272729, 102.40191127272729, 102.40191127272729, 204.80023563636368, 204.80023563636368, 204.80057076363641, 204.80057076363641, 204.80090589090915, 204.80090589090915, 204.80124101818186, 204.80124101818186, 204.80124101818186, 204.80124101818186, 204.80124101818186, 204.80124101818186, 204.80124101818186, 204.80124101818186, 204.80124101818186, 204.80124101818186, 204.80124101818186, 204.8015761454546, 204.8015761454546, 204.8015761454546, 204.8015761454546, 204.8015761454546, 204.8015761454546, 204.8015761454546, 204.8015761454546, 204.8015761454546, 204.8015761454546, 204.8015761454546, 204.8015761454546, 204.80191127272732, 204.80191127272732, 204.80191127272732, 204.80191127272732, 204.80191127272732, 204.80191127272732, 204.80191127272732, 204.80191127272732, 204.80191127272732, 204.80191127272732, 204.80191127272732, 204.80191127272732, 204.80191127272732, 204.80191127272732, 204.80191127272732, 204.80191127272732, 204.80191127272732, 204.80191127272732, 204.80191127272732, 204.80191127272732, 204.80191127272732, 204.80191127272732, 204.80191127272732, 307.2002356363637, 307.2005707636364, 307.2005707636364, 307.2005707636364, 307.2005707636364, 307.20090589090916, 307.20090589090916, 307.20090589090916, 307.20090589090916, 307.20090589090916, 307.20124101818186, 307.20124101818186, 307.20124101818186, 307.20124101818186, 307.20124101818186, 307.20124101818186, 307.20124101818186, 307.2015761454546, 307.2015761454546, 307.2015761454546, 307.2015761454546, 307.2015761454546, 307.2015761454546, 307.2015761454546, 307.20191127272733, 307.20191127272733, 307.20191127272733, 307.20191127272733, 307.20191127272733, 307.20191127272733, 307.20191127272733, 307.20191127272733, 409.60057076363637, 409.60124101818184, 409.6015761454546, 409.6015761454546, 409.6019112727273, 512.0015761454545, 614.4015761454544]


Mobile stations: 14
Avg max intervals taken to connect all mobile stations: 4.57 , time:  467.9680000000001
Average station time taken to connect: 156.96564009558446
Avg connection times: [80.45812056103898, 87.77250202597405, 87.77257383896105, 95.08671592727273, 95.0868834909091, 102.40100164155847, 102.40104951688315, 102.40107345454547, 102.40114526753248, 109.7152394805195, 109.7152394805195, 109.7153112935065, 109.7153591688312, 109.71538310649355, 109.71540704415587, 109.71545491948054, 117.0295730701299, 117.0295730701299, 117.02969275844158, 117.02978850909092, 124.34376303376625, 124.34393059740262, 124.34407422337665, 131.6580008727273, 131.65812056103897, 131.65814449870132, 131.65816843636367, 131.65821631168834, 131.6583120623377, 131.65833600000002, 131.65843175064938, 138.9723344623377, 138.97238233766237, 138.9724062753247, 138.97257383896107, 138.9725977766234, 138.97259777662342, 138.97262171428574, 146.28657230129872, 146.28664411428574, 146.28666805194806, 146.28669198961043, 146.28673986493507, 146.2867398649351, 146.2867638025974, 146.2868834909091, 146.28690742857148, 153.60095376623377, 153.60097770389615, 153.60100164155847, 153.60116920519482, 160.91521554285717, 160.91526341818184, 160.9154309818182, 160.9154309818182, 160.9154309818182, 160.9154309818182, 160.9154549194805, 160.9156703584416, 168.2296209454546, 168.2296209454546, 168.22966882077927, 168.2296927584416, 168.2298124467533, 168.22983638441565, 175.54376303376625, 175.54376303376625, 175.54376303376628, 175.54383484675327, 175.5439066597403, 175.54395453506496, 175.5440502857143, 175.5441220987013, 182.85800087272725, 182.858192374026, 182.8582163116883, 182.85835993766233, 190.1724541506494, 190.1724541506494, 190.17250202597407, 190.17250202597407, 190.17262171428573, 190.17266958961042, 197.48669198961042, 197.4867398649351, 197.48685955324677, 204.80092982857147, 204.80104951688313, 204.80109739220782, 204.80126495584415, 212.11519160519484, 212.11545491948053, 212.11564642077929, 219.42942944415586, 219.42947731948053, 219.42962094545456, 234.05816843636362, 234.0583120623377, 241.3724780883117, 285.2580726857143]
Max connection times: [204.8015761454546, 204.80191127272732, 204.80191127272732, 204.80191127272732, 204.80191127272732, 204.80191127272732, 307.2005707636364, 307.2005707636364, 307.2005707636364, 307.20090589090916, 307.20090589090916, 307.20090589090916, 307.20090589090916, 307.20090589090916, 307.20090589090916, 307.20090589090916, 307.20124101818186, 307.20124101818186, 307.20124101818186, 307.20124101818186, 307.20124101818186, 307.20124101818186, 307.20124101818186, 307.20124101818186, 307.20124101818186, 307.2015761454546, 307.2015761454546, 307.2015761454546, 307.2015761454546, 307.2015761454546, 307.2015761454546, 307.2015761454546, 307.2015761454546, 307.2015761454546, 307.2015761454546, 307.20191127272733, 307.20191127272733, 307.20191127272733, 307.20191127272733, 307.20191127272733, 307.20191127272733, 307.20191127272733, 307.20191127272733, 307.20191127272733, 307.20191127272733, 307.20191127272733, 307.20191127272733, 307.20191127272733, 307.20191127272733, 409.60057076363637, 409.60057076363637, 409.60057076363637, 409.60057076363637, 409.60057076363637, 409.60090589090913, 409.60090589090913, 409.60090589090913, 409.60090589090913, 409.60124101818184, 409.60124101818184, 409.60124101818184, 409.60124101818184, 409.60124101818184, 409.60124101818184, 409.60124101818184, 409.60124101818184, 409.60124101818184, 409.60124101818184, 409.60124101818184, 409.60124101818184, 409.6015761454546, 409.6015761454546, 409.6015761454546, 409.6015761454546, 409.6015761454546, 409.6015761454546, 409.6015761454546, 409.6015761454546, 409.6015761454546, 409.6015761454546, 409.6015761454546, 409.6019112727273, 409.6019112727273, 409.6019112727273, 409.6019112727273, 409.6019112727273, 409.6019112727273, 409.6019112727273, 409.6019112727273, 409.6019112727273, 409.6019112727273, 512.0002356363635, 512.0005707636362, 512.0009058909089, 512.0009058909089, 512.0012410181818, 512.0015761454545, 512.0019112727272, 512.0019112727272, 819.2015761454544]


Mobile stations: 18
Avg max intervals taken to connect all mobile stations: 5.77 , time:  590.848
Average station time taken to connect: 216.57706768290907
Avg connection times: [125.15664762828288, 136.53433231515157, 136.53436955151517, 142.22312811313134, 142.22335153131314, 142.22335153131314, 147.91212871111114, 147.91212871111114, 147.9121845656566, 153.60098036363638, 159.2898320161616, 159.28994372525256, 164.97890708686873, 170.66762841212125, 170.66774012121212, 176.3565173010101, 176.35668486464647, 176.35674071919192, 182.0454248080808, 182.04544342626264, 182.04544342626266, 182.0454992808081, 182.0454992808081, 182.04555513535354, 187.7342950787879, 187.7343136969697, 187.73433231515156, 187.73442540606067, 193.42323982222223, 193.42323982222229, 193.42325844040406, 193.42325844040406, 193.4232956767677, 193.42333291313133, 193.42344462222223, 199.11211009292933, 199.11214732929295, 199.11214732929295, 199.11216594747475, 199.11222180202023, 199.11222180202023, 199.11222180202023, 199.11229627474748, 199.1123148929293, 204.80096174545457, 204.80098036363637, 204.80103621818182, 204.8011106909091, 204.80118516363638, 204.80122240000003, 204.80125963636365, 210.48981339797982, 210.48986925252527, 210.48986925252527, 210.4898692525253, 210.4898878707071, 210.48994372525257, 210.4901112888889, 216.17877675959596, 216.17883261414144, 216.17896294141417, 216.17900017777777, 221.86760979393938, 221.8677959757576, 221.8678145939394, 221.86785183030307, 221.8679076848485, 227.55662901010106, 227.55668486464648, 227.5567034828283, 233.24540618989906, 233.2454806626263, 233.24561098989898, 238.93436955151518, 238.93436955151518, 238.93444402424245, 238.93448126060605, 244.62333291313132, 250.31212871111114, 256.00105483636366, 256.0011293090909, 261.6898692525253, 261.6898878707071, 261.6899064888889, 267.3788884686869, 273.0678145939394, 278.7565173010101, 278.756629010101, 278.75668486464645, 278.75672210101015, 290.13423922424244, 290.13435093333334, 301.51227765656563, 301.5123148929293, 307.2009058909091, 307.2010920727272, 324.2677401212121, 358.40103621818184, 364.0898692525252, 381.1567779555555]
Max connection times: [307.2015761454546, 307.20191127272733, 307.20191127272733, 307.20191127272733, 409.60023563636366, 409.60057076363637, 409.60057076363637, 409.60090589090913, 409.60090589090913, 409.60090589090913, 409.60090589090913, 409.60090589090913, 409.60090589090913, 409.60090589090913, 409.60124101818184, 409.60124101818184, 409.60124101818184, 409.60124101818184, 409.60124101818184, 409.60124101818184, 409.60124101818184, 409.60124101818184, 409.6015761454546, 409.6015761454546, 409.6015761454546, 409.6015761454546, 409.6015761454546, 409.6015761454546, 409.6015761454546, 409.6019112727273, 409.6019112727273, 409.6019112727273, 409.6019112727273, 409.6019112727273, 409.6019112727273, 409.6019112727273, 409.6019112727273, 409.6019112727273, 409.6019112727273, 409.6019112727273, 409.6019112727273, 409.6019112727273, 409.6019112727273, 512.0002356363635, 512.0002356363635, 512.0002356363635, 512.0005707636362, 512.0005707636362, 512.0005707636362, 512.0005707636362, 512.0005707636362, 512.0009058909089, 512.0009058909089, 512.0009058909089, 512.0009058909089, 512.0009058909089, 512.0009058909089, 512.0009058909089, 512.0012410181818, 512.0012410181818, 512.0012410181818, 512.0012410181818, 512.0015761454545, 512.0015761454545, 512.0015761454545, 512.0015761454545, 512.0015761454545, 512.0015761454545, 512.0015761454545, 512.0015761454545, 512.0019112727272, 512.0019112727272, 512.0019112727272, 512.0019112727272, 512.0019112727272, 512.0019112727272, 512.0019112727272, 512.0019112727272, 512.0019112727272, 512.0019112727272, 512.0019112727272, 512.0019112727272, 512.0019112727272, 614.4002356363635, 614.4009058909089, 614.4012410181817, 614.4012410181817, 614.4012410181817, 614.4015761454544, 614.4015761454544, 614.4015761454544, 614.4015761454544, 614.4019112727271, 614.4019112727271, 614.4019112727271, 716.8012410181817, 716.8015761454544, 716.8015761454544, 716.8019112727271, 921.6012410181817]


Mobile stations: 22
Avg max intervals taken to connect all mobile stations: 7.21 , time:  738.3040000000001
Average station time taken to connect: 295.84397645223146
Avg connection times: [181.52830048264465, 195.4920587107438, 195.49207394380164, 200.14645183471075, 200.14654323305788, 200.14654323305788, 204.80122578512402, 209.45557320991736, 214.11014913057852, 218.76463365289257, 223.41910294214878, 223.4191943404959, 223.4193314380165, 228.07393782479338, 232.7282395504132, 232.72827001652894, 232.72828524958678, 232.72828524958683, 232.72833094876032, 232.72837664793389, 232.72854421157024, 237.3828611702479, 237.38286117024793, 237.38304396694213, 242.03733045950415, 246.69178451570252, 251.34639090247938, 251.34643660165293, 251.34646706776857, 251.34655846611568, 256.0010277553719, 256.0010277553719, 256.00110392066114, 265.3101948297521, 265.31024052892565, 269.9646336528926, 269.96475551735534, 269.96475551735534, 269.96475551735534, 269.9647555173554, 269.9648012165289, 269.96481644958675, 274.619179107438, 283.9283309487603, 283.92843758016534, 288.58287640330576, 293.2373304595041, 293.23743709090905, 293.2374523239669, 293.2374523239669, 293.2374980231405, 297.8918606809917, 297.89193684628094, 297.8919520793388, 297.8919673123967, 297.89205871074387, 297.89210440991735, 302.54660416528924, 307.2009820561983, 307.201119153719, 307.20124101818175, 311.85554274380166, 311.8555732099173, 311.8555884429752, 316.5100881983471, 316.51014913057844, 316.51016436363636, 316.51039285950407, 321.1645422545454, 321.1645879537189, 321.1646945851239, 325.819179107438, 325.81919434049587, 325.81920957355374, 325.81924003966947, 330.4737245619835, 330.473876892562, 335.1283157157024, 339.7828307041322, 339.78284593719, 339.78293733553716, 339.78305919999997, 344.4372999933884, 344.43736092561977, 344.43749802314045, 349.0918911471074, 349.09205871074386, 367.7101795966942, 381.6738311933884, 386.32842234710733, 400.29198254545446, 404.9462538049586, 404.94663463140495, 409.601210552066, 423.56472505123963, 437.52839188099165, 442.1828002380164, 456.1462842710743, 460.80102775537193, 502.6921805752065]
Max connection times: [409.6015761454546, 409.6019112727273, 512.0005707636362, 512.0005707636362, 512.0005707636362, 512.0005707636362, 512.0009058909089, 512.0009058909089, 512.0009058909089, 512.0009058909089, 512.0009058909089, 512.0012410181818, 512.0012410181818, 512.0012410181818, 512.0015761454545, 512.0015761454545, 512.0015761454545, 512.0015761454545, 512.0015761454545, 512.0015761454545, 512.0019112727272, 512.0019112727272, 512.0019112727272, 512.0019112727272, 512.0019112727272, 512.0019112727272, 512.0019112727272, 512.0019112727272, 512.0019112727272, 512.0019112727272, 512.0019112727272, 512.0019112727272, 512.0019112727272, 614.4002356363635, 614.4005707636362, 614.4009058909089, 614.4009058909089, 614.4009058909089, 614.4009058909089, 614.4009058909089, 614.4012410181817, 614.4012410181817, 614.4012410181817, 614.4012410181817, 614.4012410181817, 614.4012410181817, 614.4015761454544, 614.4015761454544, 614.4015761454544, 614.4015761454544, 614.4015761454544, 614.4015761454544, 614.4015761454544, 614.4019112727271, 614.4019112727271, 614.4019112727271, 614.4019112727271, 614.4019112727271, 614.4019112727271, 614.4019112727271, 614.4019112727271, 614.4019112727271, 614.4019112727271, 614.4019112727271, 614.4019112727271, 614.4019112727271, 716.8002356363635, 716.8005707636362, 716.8005707636362, 716.8005707636362, 716.8009058909089, 716.8009058909089, 716.8009058909089, 716.8012410181817, 716.8012410181817, 716.8012410181817, 716.8012410181817, 716.8015761454544, 716.8019112727271, 716.8019112727271, 716.8019112727271, 716.8019112727271, 716.8019112727271, 716.8019112727271, 819.2009058909089, 819.2009058909089, 819.2009058909089, 819.2012410181817, 819.2012410181817, 819.2015761454544, 819.2015761454544, 819.2019112727271, 819.2019112727271, 819.2019112727271, 819.2019112727271, 921.6002356363634, 921.6005707636361, 921.6012410181817, 921.6012410181817, 1024.0019112727273]


Mobile stations: 25
Avg max intervals taken to connect all mobile stations: 8.31 , time:  850.9440000000001
Average station time taken to connect: 353.1581903713746
Avg connection times: [225.2810935621818, 237.5690399418182, 249.85698632145457, 253.9530131316364, 253.95306675200004, 258.0489461061818, 258.04895951127276, 258.04898632145455, 258.0490935621818, 258.04912037236363, 270.33717399272723, 270.33722761309093, 274.4329863214545, 274.43306675199995, 274.4330801570909, 274.4330801570909, 286.7209461061818, 286.72112037236366, 286.7211203723637, 290.81705334690906, 294.9130131316363, 294.9130265367272, 294.9130265367273, 299.0091471825454, 299.00916058763636, 303.105053346909, 303.1051337774545, 307.20101313163633, 307.2010533469091, 307.20110696727266, 307.20112037236356, 307.2011337774545, 311.2970533469091, 311.2970935621818, 315.3930533469091, 315.3931337774545, 319.48912037236363, 319.48912037236363, 323.5848924858181, 323.5849863214546, 323.58520080290907, 327.68103994181814, 327.68103994181814, 327.681066752, 331.77705334690904, 331.77706675199994, 331.77716058763633, 335.8729327010909, 335.8729863214545, 335.87305334690916, 335.873214208, 339.96905334690905, 344.0649997265454, 344.0650533469091, 344.0651337774545, 344.06516058763634, 348.16110696727264, 348.1612008029091, 352.25709356218175, 356.3530131316364, 356.3531069672727, 356.35310696727277, 372.7369863214545, 380.9289863214545, 380.9289863214545, 380.9291203723635, 380.9291203723636, 385.0250935621818, 389.12089248581805, 389.12108015709083, 389.1211069672726, 389.1211605876363, 393.21706675199994, 393.2170935621818, 393.21716058763633, 397.3129863214545, 401.40908015709084, 401.40909356218174, 409.60105334690894, 409.6010667519999, 417.7929595112726, 417.7929595112727, 417.7931203723636, 430.081066752, 430.08118739781816, 430.0813214487272, 442.36913377745446, 450.5611337774545, 458.75303994181814, 462.8490265367272, 462.84902653672725, 462.84912037236353, 471.0409997265454, 471.04106675199995, 475.1369461061817, 479.2330801570908, 495.6169997265455, 520.1930265367272, 557.0572142079999, 581.6330265367272]
Max connection times: [512.0009058909089, 512.0012410181818, 512.0015761454545, 512.0015761454545, 512.0019112727272, 512.0019112727272, 512.0019112727272, 614.4002356363635, 614.4002356363635, 614.4009058909089, 614.4012410181817, 614.4012410181817, 614.4012410181817, 614.4012410181817, 614.4015761454544, 614.4015761454544, 614.4015761454544, 614.4015761454544, 614.4015761454544, 614.4015761454544, 614.4019112727271, 614.4019112727271, 614.4019112727271, 614.4019112727271, 614.4019112727271, 614.4019112727271, 614.4019112727271, 614.4019112727271, 614.4019112727271, 614.4019112727271, 716.8002356363635, 716.8002356363635, 716.8005707636362, 716.8005707636362, 716.8009058909089, 716.8009058909089, 716.8009058909089, 716.8009058909089, 716.8009058909089, 716.8012410181817, 716.8012410181817, 716.8012410181817, 716.8012410181817, 716.8012410181817, 716.8012410181817, 716.8012410181817, 716.8012410181817, 716.8015761454544, 716.8015761454544, 716.8015761454544, 716.8015761454544, 716.8019112727271, 716.8019112727271, 716.8019112727271, 716.8019112727271, 716.8019112727271, 716.8019112727271, 716.8019112727271, 716.8019112727271, 716.8019112727271, 716.8019112727271, 819.2002356363635, 819.2002356363635, 819.2002356363635, 819.2002356363635, 819.2002356363635, 819.2009058909089, 819.2009058909089, 819.2009058909089, 819.2012410181817, 819.2012410181817, 819.2012410181817, 819.2015761454544, 819.2015761454544, 819.2019112727271, 819.2019112727271, 819.2019112727271, 921.6009058909088, 921.6012410181817, 921.6012410181817, 921.6012410181817, 921.6012410181817, 921.6012410181817, 921.6015761454544, 921.6015761454544, 921.6015761454544, 921.6015761454544, 921.6019112727271, 921.6019112727271, 921.6019112727271, 921.6019112727271, 921.6019112727271, 921.6019112727271, 921.6019112727271, 921.6019112727271, 1024.0012410181819, 1024.0015761454545, 1024.0015761454545, 1024.0019112727273, 1126.4012410181817]