AP position [-4.56, -1.29, 0.0]
AP sectors 12
Mob sectors: 4
Sls slots: 6


Mobile stations: 1
Avg max intervals taken to connect all mobile stations: 1.0 , time:  102.4
Average station time taken to connect: 0.000966213818181818
Avg connection times: [0.00023563636363636362, 0.00023563636363636362, 0.00023563636363636362, 0.00023563636363636362, 0.00023563636363636362, 0.00023563636363636362, 0.00023563636363636362, 0.00023563636363636362, 0.00023563636363636362, 0.00023563636363636362, 0.00023563636363636362, 0.00023563636363636362, 0.00023563636363636362, 0.00023563636363636362, 0.00023563636363636362, 0.00023563636363636362, 0.00023563636363636362, 0.00023563636363636362, 0.00023563636363636362, 0.00023563636363636362, 0.0005707636363636364, 0.0005707636363636364, 0.0005707636363636364, 0.0005707636363636364, 0.0005707636363636364, 0.0005707636363636364, 0.0005707636363636364, 0.0005707636363636364, 0.0005707636363636364, 0.0005707636363636364, 0.0005707636363636364, 0.0005707636363636364, 0.0005707636363636364, 0.0005707636363636364, 0.0005707636363636364, 0.0005707636363636364, 0.0005707636363636364, 0.0005707636363636364, 0.0005707636363636364, 0.0005707636363636364, 0.0009058909090909091, 0.0009058909090909091, 0.0009058909090909091, 0.0009058909090909091, 0.0009058909090909091, 0.0009058909090909091, 0.0009058909090909091, 0.0009058909090909091, 0.0009058909090909091, 0.0009058909090909091, 0.0009058909090909091, 0.0009058909090909091, 0.0009058909090909091, 0.0009058909090909091, 0.0009058909090909091, 0.0009058909090909091, 0.0012410181818181818, 0.0012410181818181818, 0.0012410181818181818, 0.0012410181818181818, 0.0012410181818181818, 0.0012410181818181818, 0.0012410181818181818, 0.0012410181818181818, 0.0012410181818181818, 0.0012410181818181818, 0.0012410181818181818, 0.0012410181818181818, 0.0012410181818181818, 0.0012410181818181818, 0.0012410181818181818, 0.0012410181818181818, 0.0012410181818181818, 0.0012410181818181818, 0.0012410181818181818, 0.0012410181818181818, 0.0015761454545454546, 0.0015761454545454546, 0.0015761454545454546, 0.0015761454545454546, 0.0015761454545454546, 0.0015761454545454546, 0.0015761454545454546, 0.0015761454545454546, 0.0015761454545454546, 0.0015761454545454546, 0.0015761454545454546, 0.0015761454545454546, 0.0015761454545454546, 0.0015761454545454546, 0.0019112727272727274, 0.0019112727272727274, 0.0019112727272727274, 0.0019112727272727274, 0.0019112727272727274, 0.0019112727272727274, 0.0019112727272727274, 0.0019112727272727274, 0.0019112727272727274, 0.0019112727272727274]
Max connection times: [0.00023563636363636362, 0.00023563636363636362, 0.00023563636363636362, 0.00023563636363636362, 0.00023563636363636362, 0.00023563636363636362, 0.00023563636363636362, 0.00023563636363636362, 0.00023563636363636362, 0.00023563636363636362, 0.00023563636363636362, 0.00023563636363636362, 0.00023563636363636362, 0.00023563636363636362, 0.00023563636363636362, 0.00023563636363636362, 0.00023563636363636362, 0.00023563636363636362, 0.00023563636363636362, 0.00023563636363636362, 0.0005707636363636364, 0.0005707636363636364, 0.0005707636363636364, 0.0005707636363636364, 0.0005707636363636364, 0.0005707636363636364, 0.0005707636363636364, 0.0005707636363636364, 0.0005707636363636364, 0.0005707636363636364, 0.0005707636363636364, 0.0005707636363636364, 0.0005707636363636364, 0.0005707636363636364, 0.0005707636363636364, 0.0005707636363636364, 0.0005707636363636364, 0.0005707636363636364, 0.0005707636363636364, 0.0005707636363636364, 0.0009058909090909091, 0.0009058909090909091, 0.0009058909090909091, 0.0009058909090909091, 0.0009058909090909091, 0.0009058909090909091, 0.0009058909090909091, 0.0009058909090909091, 0.0009058909090909091, 0.0009058909090909091, 0.0009058909090909091, 0.0009058909090909091, 0.0009058909090909091, 0.0009058909090909091, 0.0009058909090909091, 0.0009058909090909091, 0.0012410181818181818, 0.0012410181818181818, 0.0012410181818181818, 0.0012410181818181818, 0.0012410181818181818, 0.0012410181818181818, 0.0012410181818181818, 0.0012410181818181818, 0.0012410181818181818, 0.0012410181818181818, 0.0012410181818181818, 0.0012410181818181818, 0.0012410181818181818, 0.0012410181818181818, 0.0012410181818181818, 0.0012410181818181818, 0.0012410181818181818, 0.0012410181818181818, 0.0012410181818181818, 0.0012410181818181818, 0.0015761454545454546, 0.0015761454545454546, 0.0015761454545454546, 0.0015761454545454546, 0.0015761454545454546, 0.0015761454545454546, 0.0015761454545454546, 0.0015761454545454546, 0.0015761454545454546, 0.0015761454545454546, 0.0015761454545454546, 0.0015761454545454546, 0.0015761454545454546, 0.0015761454545454546, 0.0019112727272727274, 0.0019112727272727274, 0.0019112727272727274, 0.0019112727272727274, 0.0019112727272727274, 0.0019112727272727274, 0.0019112727272727274, 0.0019112727272727274, 0.0019112727272727274, 0.0019112727272727274]


Mobile stations: 2
Avg max intervals taken to connect all mobile stations: 1.24 , time:  126.976
Average station time taken to connect: 21.505038266181824
Avg connection times: [0.00040320000000000004, 0.00040320000000000004, 0.00040320000000000004, 0.00040320000000000004, 0.00040320000000000004, 0.00040320000000000004, 0.00040320000000000004, 0.00040320000000000004, 0.00040320000000000004, 0.00040320000000000004, 0.0005707636363636363, 0.0005707636363636363, 0.0005707636363636363, 0.0005707636363636363, 0.0005707636363636363, 0.0005707636363636363, 0.0007383272727272727, 0.0007383272727272727, 0.0007383272727272727, 0.0007383272727272727, 0.0007383272727272727, 0.0007383272727272727, 0.0007383272727272728, 0.0007383272727272728, 0.0007383272727272728, 0.0009058909090909091, 0.0009058909090909091, 0.0009058909090909091, 0.0009058909090909091, 0.0009058909090909091, 0.0009058909090909091, 0.0009058909090909091, 0.0009058909090909091, 0.0009058909090909091, 0.0009058909090909091, 0.0009058909090909091, 0.0009058909090909091, 0.0009058909090909091, 0.0009058909090909091, 0.0009058909090909091, 0.0009058909090909091, 0.0010734545454545454, 0.0010734545454545454, 0.0010734545454545454, 0.0010734545454545454, 0.0010734545454545454, 0.0010734545454545454, 0.0010734545454545454, 0.0010734545454545454, 0.0010734545454545454, 0.0010734545454545454, 0.0010734545454545454, 0.0010734545454545454, 0.0010734545454545454, 0.0010734545454545454, 0.0012410181818181818, 0.0012410181818181818, 0.001241018181818182, 0.0014085818181818182, 0.0014085818181818182, 0.0014085818181818182, 0.0014085818181818182, 0.0014085818181818182, 0.0014085818181818182, 0.0014085818181818182, 0.0015761454545454546, 0.0015761454545454546, 0.0015761454545454546, 0.0015761454545454546, 0.0015761454545454546, 0.0015761454545454546, 0.001743709090909091, 0.001743709090909091, 0.001743709090909091, 0.001743709090909091, 0.001743709090909091, 0.001743709090909091, 0.001743709090909091, 0.001743709090909091, 51.20073832727274, 51.2009058909091, 51.201073454545465, 51.201241018181825, 51.20157614545455, 51.20157614545455, 102.40073832727273, 102.40073832727273, 102.40073832727273, 102.40090589090912, 102.40107345454547, 102.40107345454547, 102.40124101818182, 102.40124101818182, 102.40124101818184, 102.4014085818182, 102.4014085818182, 102.40174370909092, 204.80057076363641, 204.80073832727277, 204.80124101818188]
Max connection times: [0.0005707636363636364, 0.0005707636363636364, 0.0005707636363636364, 0.0005707636363636364, 0.0005707636363636364, 0.0005707636363636364, 0.0005707636363636364, 0.0005707636363636364, 0.0005707636363636364, 0.0005707636363636364, 0.0009058909090909091, 0.0009058909090909091, 0.0009058909090909091, 0.0009058909090909091, 0.0009058909090909091, 0.0009058909090909091, 0.0009058909090909091, 0.0009058909090909091, 0.0009058909090909091, 0.0012410181818181818, 0.0012410181818181818, 0.0012410181818181818, 0.0012410181818181818, 0.0012410181818181818, 0.0012410181818181818, 0.0012410181818181818, 0.0012410181818181818, 0.0012410181818181818, 0.0012410181818181818, 0.0012410181818181818, 0.0012410181818181818, 0.0012410181818181818, 0.0012410181818181818, 0.0012410181818181818, 0.0012410181818181818, 0.0012410181818181818, 0.0012410181818181818, 0.0012410181818181818, 0.0012410181818181818, 0.0015761454545454546, 0.0015761454545454546, 0.0015761454545454546, 0.0015761454545454546, 0.0015761454545454546, 0.0015761454545454546, 0.0015761454545454546, 0.0015761454545454546, 0.0015761454545454546, 0.0015761454545454546, 0.0015761454545454546, 0.0015761454545454546, 0.0015761454545454546, 0.0015761454545454546, 0.0015761454545454546, 0.0015761454545454546, 0.0015761454545454546, 0.0015761454545454546, 0.0019112727272727274, 0.0019112727272727274, 0.0019112727272727274, 0.0019112727272727274, 0.0019112727272727274, 0.0019112727272727274, 0.0019112727272727274, 0.0019112727272727274, 0.0019112727272727274, 0.0019112727272727274, 0.0019112727272727274, 0.0019112727272727274, 0.0019112727272727274, 0.0019112727272727274, 0.0019112727272727274, 0.0019112727272727274, 0.0019112727272727274, 0.0019112727272727274, 0.0019112727272727274, 0.0019112727272727274, 0.0019112727272727274, 0.0019112727272727274, 102.40057076363638, 102.40057076363638, 102.40057076363638, 102.4009058909091, 102.4009058909091, 102.40124101818184, 102.40124101818184, 102.40124101818184, 102.40124101818184, 102.40157614545456, 102.40157614545456, 102.40157614545456, 102.40157614545456, 102.40157614545456, 102.40191127272729, 102.40191127272729, 102.40191127272729, 102.40191127272729, 204.80090589090915, 204.80124101818186, 204.80191127272732]


Mobile stations: 4
Avg max intervals taken to connect all mobile stations: 1.92 , time:  196.608
Average station time taken to connect: 40.44912037236364
Avg connection times: [0.0007383272727272728, 0.0008221090909090909, 0.0009896727272727273, 0.0009896727272727273, 0.0009896727272727273, 0.0009896727272727273, 0.0009896727272727273, 0.0010734545454545454, 0.0010734545454545454, 0.0010734545454545456, 0.0010734545454545456, 0.0010734545454545456, 0.0010734545454545456, 0.0011572363636363637, 0.0011572363636363637, 0.0011572363636363637, 0.0011572363636363637, 0.0011572363636363637, 0.0012410181818181818, 0.0012410181818181818, 0.0014085818181818182, 25.60065454545455, 25.60073832727273, 25.600822109090913, 25.600822109090913, 25.600822109090913, 25.600905890909093, 25.600905890909093, 25.600905890909097, 25.600905890909097, 25.600989672727277, 25.600989672727277, 25.600989672727277, 25.600989672727277, 25.600989672727277, 25.600989672727277, 25.600989672727277, 25.601073454545457, 25.601073454545457, 25.601073454545457, 25.60107345454546, 25.60115723636364, 25.60115723636364, 25.60115723636364, 25.60115723636364, 25.60115723636364, 25.60124101818182, 25.601241018181824, 25.601324800000004, 25.601324800000004, 25.601324800000004, 25.601408581818184, 25.601408581818188, 25.601408581818188, 25.601492363636368, 25.601492363636368, 51.20057076363637, 51.200654545454555, 51.20073832727273, 51.200822109090915, 51.2009058909091, 51.2009058909091, 51.20098967272728, 51.20107345454546, 51.201073454545465, 51.201073454545465, 51.201073454545465, 51.201073454545465, 51.201073454545465, 51.201073454545465, 51.20115723636364, 51.20115723636364, 51.20115723636364, 51.201241018181825, 51.201241018181825, 51.201241018181825, 51.20132480000001, 51.20132480000001, 51.201408581818185, 51.201408581818185, 51.201492363636376, 51.20157614545455, 51.20157614545455, 51.20157614545455, 51.20174370909092, 76.80073832727274, 76.80090589090909, 76.80098967272728, 76.80115723636365, 76.8014085818182, 76.80165992727274, 102.40107345454548, 102.40124101818185, 102.40132480000003, 102.40132480000003, 128.00073832727276, 128.0009058909091, 128.0014085818182, 153.6014923636364, 256.0011572363636]
Max connection times: [0.0012410181818181818, 0.0015761454545454546, 0.0015761454545454546, 0.0015761454545454546, 0.0019112727272727274, 0.0019112727272727274, 0.0019112727272727274, 0.0019112727272727274, 0.0019112727272727274, 0.0019112727272727274, 0.0019112727272727274, 0.0019112727272727274, 0.0019112727272727274, 0.0019112727272727274, 0.0019112727272727274, 0.0019112727272727274, 0.0019112727272727274, 0.0019112727272727274, 0.0019112727272727274, 0.0019112727272727274, 0.0019112727272727274, 102.40023563636365, 102.40023563636365, 102.40023563636365, 102.40023563636365, 102.40023563636365, 102.40023563636365, 102.40023563636365, 102.40023563636365, 102.40057076363638, 102.40057076363638, 102.40057076363638, 102.40057076363638, 102.40057076363638, 102.40057076363638, 102.40057076363638, 102.4009058909091, 102.4009058909091, 102.4009058909091, 102.4009058909091, 102.4009058909091, 102.4009058909091, 102.4009058909091, 102.4009058909091, 102.4009058909091, 102.4009058909091, 102.4009058909091, 102.4009058909091, 102.40124101818184, 102.40124101818184, 102.40124101818184, 102.40124101818184, 102.40124101818184, 102.40124101818184, 102.40124101818184, 102.40124101818184, 102.40124101818184, 102.40157614545456, 102.40157614545456, 102.40157614545456, 102.40157614545456, 102.40157614545456, 102.40157614545456, 102.40157614545456, 102.40157614545456, 102.40157614545456, 102.40157614545456, 102.40157614545456, 102.40157614545456, 102.40157614545456, 102.40157614545456, 102.40157614545456, 102.40191127272729, 102.40191127272729, 102.40191127272729, 102.40191127272729, 102.40191127272729, 102.40191127272729, 102.40191127272729, 102.40191127272729, 102.40191127272729, 102.40191127272729, 102.40191127272729, 102.40191127272729, 102.40191127272729, 102.40191127272729, 102.40191127272729, 102.40191127272729, 102.40191127272729, 102.40191127272729, 102.40191127272729, 204.80057076363641, 204.80090589090915, 204.8015761454546, 204.8015761454546, 204.80191127272732, 204.80191127272732, 204.80191127272732, 307.20191127272733, 512.0019112727272]


Mobile stations: 6
Avg max intervals taken to connect all mobile stations: 2.37 , time:  242.68800000000002
Average station time taken to connect: 53.249082949818195
Avg connection times: [0.0010734545454545456, 0.0010734545454545456, 17.06746084848485, 17.067516703030304, 17.067516703030304, 17.067572557575758, 17.067684266666667, 17.067684266666667, 17.067684266666667, 17.067684266666667, 17.067684266666667, 17.06768426666667, 17.06768426666667, 17.067740121212122, 17.067795975757576, 17.06779597575758, 17.06779597575758, 17.06785183030303, 17.06785183030303, 17.06785183030303, 17.06790768484849, 17.06790768484849, 17.06796353939394, 17.06796353939394, 17.068019393939398, 34.13401580606061, 34.13401580606061, 34.13412751515152, 34.13423922424243, 34.13423922424243, 34.13435093333334, 34.13435093333334, 34.13435093333334, 34.134406787878795, 34.134406787878795, 34.134406787878795, 34.1345184969697, 34.1345184969697, 34.1345184969697, 34.1345184969697, 34.134574351515155, 34.134686060606064, 34.13479776969697, 51.20073832727274, 51.20079418181819, 51.200794181818196, 51.20096174545455, 51.20096174545455, 51.20096174545455, 51.2010176, 51.20101760000001, 51.20101760000001, 51.20107345454547, 51.20107345454547, 51.20107345454547, 51.20112930909092, 51.20112930909092, 51.20112930909092, 51.20112930909092, 51.201185163636374, 51.201185163636374, 51.201296872727276, 51.20129687272728, 51.201352727272734, 51.20135272727274, 51.20140858181819, 51.20140858181819, 51.20146443636364, 68.26762841212123, 68.26762841212123, 68.26768426666668, 68.26768426666668, 68.26768426666668, 68.26774012121213, 68.26779597575758, 68.2677959757576, 68.26785183030303, 68.26807524848486, 85.33401580606062, 85.33412751515152, 85.33440678787879, 85.33446264242427, 85.33451849696972, 85.33468606060607, 85.33485362424244, 102.40073832727273, 102.40073832727275, 102.40085003636365, 102.4010176, 102.40107345454548, 102.40118516363638, 102.40118516363638, 102.40124101818185, 102.40146443636365, 119.46712572121214, 119.4677959757576, 119.46807524848487, 136.5342950787879, 136.5344067878788, 204.80101760000002]
Max connection times: [0.0019112727272727274, 0.0019112727272727274, 102.40023563636365, 102.40023563636365, 102.40023563636365, 102.40023563636365, 102.40023563636365, 102.40023563636365, 102.40023563636365, 102.40057076363638, 102.40057076363638, 102.40057076363638, 102.40057076363638, 102.40057076363638, 102.40057076363638, 102.4009058909091, 102.4009058909091, 102.4009058909091, 102.4009058909091, 102.4009058909091, 102.40124101818184, 102.40124101818184, 102.40124101818184, 102.40124101818184, 102.40124101818184, 102.40124101818184, 102.40124101818184, 102.40157614545456, 102.40157614545456, 102.40157614545456, 102.40157614545456, 102.40157614545456, 102.40157614545456, 102.40157614545456, 102.40157614545456, 102.40157614545456, 102.40157614545456, 102.40157614545456, 102.40191127272729, 102.40191127272729, 102.40191127272729, 102.40191127272729, 102.40191127272729, 102.40191127272729, 102.40191127272729, 102.40191127272729, 102.40191127272729, 102.40191127272729, 102.40191127272729, 102.40191127272729, 102.40191127272729, 102.40191127272729, 102.40191127272729, 102.40191127272729, 102.40191127272729, 102.40191127272729, 102.40191127272729, 102.40191127272729, 102.40191127272729, 102.40191127272729, 102.40191127272729, 102.40191127272729, 102.40191127272729, 102.40191127272729, 102.40191127272729, 204.80023563636368, 204.80023563636368, 204.80023563636368, 204.80057076363641, 204.80057076363641, 204.80057076363641, 204.80057076363641, 204.80124101818186, 204.80124101818186, 204.80124101818186, 204.80124101818186, 204.80124101818186, 204.80124101818186, 204.80124101818186, 204.80124101818186, 204.8015761454546, 204.8015761454546, 204.8015761454546, 204.8015761454546, 204.8015761454546, 204.8015761454546, 204.8015761454546, 204.80191127272732, 204.80191127272732, 204.80191127272732, 204.80191127272732, 204.80191127272732, 204.80191127272732, 204.80191127272732, 204.80191127272732, 204.80191127272732, 307.2005707636364, 307.20090589090916, 307.2015761454546, 307.2015761454546]


Mobile stations: 10
Avg max intervals taken to connect all mobile stations: 3.43 , time:  351.232
Average station time taken to connect: 97.48585401716367
Avg connection times: [40.960972916363644, 40.961073454545456, 40.961140480000005, 51.201006429090924, 51.201006429090924, 51.201106967272736, 51.20114048000001, 51.20114048000001, 51.20117399272728, 61.44093940363638, 61.440972916363634, 61.44097291636365, 61.44097291636365, 61.44100642909092, 61.44103994181819, 61.44110696727273, 61.441106967272745, 61.441106967272745, 61.441106967272745, 61.441140480000016, 61.44117399272727, 71.68080535272729, 71.68093940363637, 71.68093940363637, 71.68093940363637, 71.68097291636364, 71.68097291636366, 71.68100642909091, 71.68100642909091, 71.68100642909091, 71.68100642909093, 71.6810399418182, 71.6810399418182, 71.6810399418182, 71.68107345454546, 71.68107345454547, 71.68110696727274, 71.68110696727274, 71.68117399272728, 71.68120750545455, 81.92107345454546, 81.92107345454546, 81.92107345454548, 81.92107345454548, 81.92107345454548, 81.92110696727273, 81.92110696727275, 81.92114048000002, 92.16083886545456, 92.16093940363639, 92.16100642909092, 92.16100642909092, 92.16100642909092, 92.16100642909092, 92.16100642909092, 92.16107345454547, 92.16110696727273, 92.16110696727274, 92.16114048000003, 92.16117399272729, 92.16134155636365, 102.40093940363639, 102.40097291636366, 102.40097291636366, 102.4010399418182, 102.40144209454547, 112.64077184000003, 112.64080535272728, 112.64100642909094, 112.6410399418182, 112.64117399272727, 112.64117399272729, 122.88077184000004, 122.88097291636366, 122.8810399418182, 122.88114048000003, 133.12093940363638, 133.12097291636366, 133.12100642909095, 133.1210399418182, 133.12107345454547, 133.12117399272728, 133.12134155636366, 143.36107345454548, 143.36110696727275, 143.3611739927273, 143.36117399272732, 143.36134155636367, 153.60097291636367, 153.60103994181821, 153.60110696727276, 153.60110696727276, 153.6012745309091, 163.84073832727276, 163.84103994181822, 163.84110696727276, 174.08083886545455, 174.08110696727277, 184.32087237818183, 245.7611739927273]
Max connection times: [102.40157614545456, 102.40157614545456, 102.40191127272729, 102.40191127272729, 102.40191127272729, 102.40191127272729, 102.40191127272729, 204.80023563636368, 204.80023563636368, 204.80023563636368, 204.80057076363641, 204.80057076363641, 204.80057076363641, 204.80090589090915, 204.80090589090915, 204.80090589090915, 204.80090589090915, 204.80090589090915, 204.80124101818186, 204.80124101818186, 204.80124101818186, 204.80124101818186, 204.80124101818186, 204.80124101818186, 204.80124101818186, 204.80124101818186, 204.8015761454546, 204.8015761454546, 204.8015761454546, 204.8015761454546, 204.8015761454546, 204.8015761454546, 204.8015761454546, 204.8015761454546, 204.8015761454546, 204.8015761454546, 204.8015761454546, 204.8015761454546, 204.8015761454546, 204.8015761454546, 204.8015761454546, 204.8015761454546, 204.80191127272732, 204.80191127272732, 204.80191127272732, 204.80191127272732, 204.80191127272732, 204.80191127272732, 204.80191127272732, 204.80191127272732, 204.80191127272732, 204.80191127272732, 204.80191127272732, 204.80191127272732, 204.80191127272732, 204.80191127272732, 204.80191127272732, 204.80191127272732, 204.80191127272732, 204.80191127272732, 204.80191127272732, 204.80191127272732, 307.2002356363637, 307.2002356363637, 307.2002356363637, 307.2002356363637, 307.2005707636364, 307.2005707636364, 307.20090589090916, 307.20090589090916, 307.20090589090916, 307.20090589090916, 307.20090589090916, 307.20090589090916, 307.20124101818186, 307.20124101818186, 307.20124101818186, 307.20124101818186, 307.2015761454546, 307.2015761454546, 307.2015761454546, 307.2015761454546, 307.2015761454546, 307.2015761454546, 307.20191127272733, 307.20191127272733, 307.20191127272733, 307.20191127272733, 307.20191127272733, 409.60023563636366, 409.60090589090913, 409.60124101818184, 409.60124101818184, 409.60124101818184, 409.6015761454546, 409.6015761454546, 409.6019112727273, 409.6019112727273, 409.6019112727273, 512.0012410181818]


Mobile stations: 14
Avg max intervals taken to connect all mobile stations: 4.54 , time:  464.896
Average station time taken to connect: 156.453653021922
Avg connection times: [87.77235840000003, 95.08671592727273, 102.40102557922079, 102.40112132987015, 102.40114526753248, 109.71538310649353, 109.71540704415585, 109.71540704415587, 109.71540704415588, 109.7155027948052, 117.02947731948055, 117.02959700779225, 117.02962094545455, 117.02962094545457, 117.02966882077922, 117.02966882077924, 117.02969275844158, 117.02974063376625, 117.02976457142859, 124.34385878441562, 124.34388272207795, 124.34390665974026, 124.34390665974027, 124.3439305974026, 124.34393059740263, 124.3439784727273, 124.34414603636367, 131.6580726857143, 131.65812056103897, 131.65821631168834, 131.65828812467535, 131.6583838753247, 138.97238233766237, 138.9724780883117, 138.9724780883117, 138.9724780883117, 138.97254990129872, 138.97254990129872, 138.97257383896104, 138.97257383896107, 138.97257383896107, 138.9725977766234, 138.97262171428574, 146.28662017662342, 146.28662017662342, 146.28666805194806, 146.28666805194806, 146.28666805194808, 146.28669198961038, 146.28671592727275, 146.28673986493507, 146.2868116779221, 146.28685955324676, 146.28688349090913, 153.60097770389615, 153.6010973922078, 153.60116920519482, 153.6012410181818, 153.6012649558442, 153.6012649558442, 160.91521554285717, 160.9152394805195, 160.91526341818187, 160.91528735584416, 160.91528735584419, 160.91531129350656, 160.91538310649352, 160.91545491948054, 168.2296688207792, 168.2296927584416, 168.22971669610394, 168.2298363844156, 168.22983638441562, 175.54383484675327, 175.54383484675327, 175.54385878441562, 175.54388272207794, 175.5439066597403, 175.54402634805197, 182.85835993766236, 182.8583838753247, 190.17243021298705, 190.17250202597407, 197.4866201766234, 197.48666805194807, 197.4867398649351, 204.80104951688313, 204.80104951688318, 204.80114526753252, 212.11509585454542, 219.4297166961039, 219.42971669610392, 219.42978850909094, 234.0582163116883, 234.05835993766232, 248.68673986493508, 256.00119314285706, 270.6298124467533, 285.2583599376623, 307.2010495168831]
Max connection times: [204.80090589090915, 204.80191127272732, 204.80191127272732, 204.80191127272732, 307.2002356363637, 307.2002356363637, 307.2005707636364, 307.2005707636364, 307.2005707636364, 307.20090589090916, 307.20090589090916, 307.20090589090916, 307.20090589090916, 307.20090589090916, 307.20090589090916, 307.20090589090916, 307.20090589090916, 307.20124101818186, 307.20124101818186, 307.20124101818186, 307.20124101818186, 307.20124101818186, 307.20124101818186, 307.2015761454546, 307.2015761454546, 307.2015761454546, 307.2015761454546, 307.2015761454546, 307.2015761454546, 307.2015761454546, 307.2015761454546, 307.2015761454546, 307.2015761454546, 307.2015761454546, 307.2015761454546, 307.2015761454546, 307.20191127272733, 307.20191127272733, 307.20191127272733, 307.20191127272733, 307.20191127272733, 307.20191127272733, 307.20191127272733, 307.20191127272733, 307.20191127272733, 307.20191127272733, 307.20191127272733, 307.20191127272733, 307.20191127272733, 307.20191127272733, 307.20191127272733, 307.20191127272733, 307.20191127272733, 307.20191127272733, 409.60023563636366, 409.60023563636366, 409.60023563636366, 409.60057076363637, 409.60057076363637, 409.60090589090913, 409.60090589090913, 409.60124101818184, 409.60124101818184, 409.60124101818184, 409.60124101818184, 409.60124101818184, 409.6015761454546, 409.6015761454546, 409.6015761454546, 409.6015761454546, 409.6015761454546, 409.6015761454546, 409.6015761454546, 409.6015761454546, 409.6015761454546, 409.6015761454546, 409.6015761454546, 409.6015761454546, 409.6015761454546, 409.6019112727273, 409.6019112727273, 409.6019112727273, 409.6019112727273, 409.6019112727273, 409.6019112727273, 409.6019112727273, 409.6019112727273, 409.6019112727273, 409.6019112727273, 409.6019112727273, 512.0005707636362, 512.0012410181818, 512.0012410181818, 512.0015761454545, 512.0015761454545, 512.0015761454545, 512.0015761454545, 512.0019112727272, 614.4012410181817, 614.4015761454544]


Mobile stations: 18
Avg max intervals taken to connect all mobile stations: 5.85 , time:  599.04
Average station time taken to connect: 220.78685812105059
Avg connection times: [136.5343136969697, 136.53435093333337, 142.22331429494952, 142.22337014949497, 147.91205423838386, 147.91233351111111, 159.289999579798, 159.2900181979798, 164.9787581414142, 164.97885123232328, 164.97898155959598, 170.66774012121215, 170.6677773575758, 170.6679076848485, 170.66796353939395, 176.35648006464646, 176.3565917737374, 176.35664762828284, 176.3568151919192, 182.04540618989904, 182.0454248080808, 182.04546204444443, 182.04559237171716, 182.04564822626264, 182.04564822626264, 187.73422060606063, 187.73423922424243, 187.73433231515156, 187.73435093333333, 187.7343695515152, 187.7344067878788, 187.7344067878788, 187.73442540606064, 187.73444402424244, 187.73444402424246, 193.42316534949498, 193.42320258585858, 193.42327705858588, 193.42335153131313, 193.42344462222226, 199.1120914747475, 199.11211009292933, 199.1122031838384, 199.11222180202017, 199.11227765656565, 199.1123148929293, 204.8010176, 204.80109207272733, 210.48985063434344, 210.48986925252524, 210.4898878707071, 210.48992510707072, 210.48999957979797, 210.49005543434345, 210.49007405252527, 210.4901112888889, 216.17875814141416, 216.17883261414147, 216.17883261414147, 216.17890708686872, 221.8675911757576, 221.86772150303034, 221.86775873939393, 221.86787044848487, 227.5567034828283, 227.55675933737373, 227.5567593373738, 227.55679657373742, 233.2453130989899, 233.24553651717173, 233.24555513535358, 244.62322120404048, 244.62327705858584, 244.62329567676773, 244.62338876767672, 244.62338876767677, 244.62346324040402, 250.31212871111114, 261.6899064888889, 261.68994372525253, 273.06751670303026, 273.0676842666667, 278.75679657373735, 284.445499280808, 290.1343136969697, 290.1344998787879, 295.8232212040404, 295.8232398222222, 295.82329567676766, 295.8233142949495, 295.8233515313131, 295.82344462222227, 307.20111069090905, 318.5787022868687, 318.57888846868684, 324.267851830303, 335.64553651717165, 335.64555513535356, 364.0899251070707, 426.66772150303024]
Max connection times: [307.20191127272733, 307.20191127272733, 307.20191127272733, 307.20191127272733, 409.60057076363637, 409.60057076363637, 409.60057076363637, 409.60057076363637, 409.60090589090913, 409.60090589090913, 409.60090589090913, 409.60090589090913, 409.60090589090913, 409.60090589090913, 409.60090589090913, 409.60090589090913, 409.60090589090913, 409.60124101818184, 409.60124101818184, 409.60124101818184, 409.60124101818184, 409.6015761454546, 409.6015761454546, 409.6015761454546, 409.6015761454546, 409.6015761454546, 409.6015761454546, 409.6015761454546, 409.6015761454546, 409.6015761454546, 409.6015761454546, 409.6019112727273, 409.6019112727273, 409.6019112727273, 409.6019112727273, 409.6019112727273, 409.6019112727273, 409.6019112727273, 409.6019112727273, 409.6019112727273, 409.6019112727273, 409.6019112727273, 409.6019112727273, 512.0002356363635, 512.0002356363635, 512.0002356363635, 512.0002356363635, 512.0005707636362, 512.0009058909089, 512.0009058909089, 512.0009058909089, 512.0012410181818, 512.0012410181818, 512.0012410181818, 512.0012410181818, 512.0012410181818, 512.0015761454545, 512.0015761454545, 512.0015761454545, 512.0015761454545, 512.0015761454545, 512.0015761454545, 512.0015761454545, 512.0015761454545, 512.0015761454545, 512.0019112727272, 512.0019112727272, 512.0019112727272, 512.0019112727272, 512.0019112727272, 512.0019112727272, 512.0019112727272, 512.0019112727272, 512.0019112727272, 512.0019112727272, 512.0019112727272, 512.0019112727272, 614.4002356363635, 614.4002356363635, 614.4005707636362, 614.4009058909089, 614.4012410181817, 614.4012410181817, 614.4012410181817, 614.4012410181817, 614.4015761454544, 614.4015761454544, 614.4015761454544, 614.4015761454544, 614.4015761454544, 614.4019112727271, 614.4019112727271, 716.8012410181817, 716.8015761454544, 716.8015761454544, 716.8019112727271, 716.8019112727271, 716.8019112727271, 716.8019112727271, 819.2009058909089]


Mobile stations: 22
Avg max intervals taken to connect all mobile stations: 7.32 , time:  749.5680000000001
Average station time taken to connect: 298.8694229241653
Avg connection times: [181.5283766479339, 186.1828459371901, 195.49193684628105, 200.14651276694215, 204.80107345454545, 204.80108868760334, 204.80113438677688, 209.45545134545455, 209.4555732099174, 209.4555732099174, 209.4556493752066, 209.45569507438015, 214.11010343140495, 214.11016436363636, 218.7646641190083, 223.4190724760331, 223.41917910743803, 223.41924003966943, 228.07366362975202, 228.07370932892562, 228.07377026115702, 228.07387689256203, 232.72816338512396, 237.38284593719015, 237.38290686942145, 242.03739139173558, 242.03745232396693, 246.69198254545452, 251.34646706776857, 251.34657369917352, 251.3466955636363, 256.00096682314046, 256.00101252231406, 256.0010277553719, 256.00108868760327, 256.0011648528925, 260.65557320991735, 260.6556646082645, 260.655710307438, 265.31010343140497, 265.310103431405, 265.3101491305785, 269.96460318677686, 269.96474028429753, 269.9648316826446, 274.6191334082645, 274.61916387438015, 274.6192400396694, 279.27377026115704, 279.2738159603305, 279.27384642644626, 283.928361414876, 283.92839188099174, 283.92842234710736, 283.9284375801653, 283.9285746776859, 288.58275453884295, 293.23725429421484, 293.23739139173557, 293.237543722314, 297.8921501090909, 302.54651276694216, 307.20093635702483, 307.20101252231404, 307.201119153719, 307.20121055206613, 311.85545134545447, 311.8555427438016, 311.8556493752066, 316.5100577322314, 316.51030146115704, 321.16475551735533, 335.1282852495867, 335.12840711404954, 339.78283070413215, 339.7829221024793, 339.7830135008264, 344.43722382809915, 353.7465127669421, 353.74652799999996, 372.3646031867768, 372.36477075041324, 377.0190877090909, 395.63748279008263, 404.9465127669422, 404.94663463140495, 409.6009820561983, 409.60105822148745, 423.564694585124, 423.5647098181818, 423.5647402842975, 437.52830048264457, 442.1828002380165, 446.83748279008256, 460.8009515900825, 460.8010734545453, 465.45561890909084, 479.41917910743797, 488.72834618181804, 563.2011648528925]
Max connection times: [409.60124101818184, 409.6015761454546, 409.6019112727273, 409.6019112727273, 409.6019112727273, 512.0002356363635, 512.0002356363635, 512.0002356363635, 512.0002356363635, 512.0009058909089, 512.0009058909089, 512.0009058909089, 512.0009058909089, 512.0009058909089, 512.0009058909089, 512.0012410181818, 512.0012410181818, 512.0012410181818, 512.0015761454545, 512.0019112727272, 512.0019112727272, 512.0019112727272, 512.0019112727272, 512.0019112727272, 512.0019112727272, 512.0019112727272, 512.0019112727272, 512.0019112727272, 614.4002356363635, 614.4002356363635, 614.4002356363635, 614.4005707636362, 614.4005707636362, 614.4005707636362, 614.4005707636362, 614.4005707636362, 614.4009058909089, 614.4009058909089, 614.4009058909089, 614.4009058909089, 614.4009058909089, 614.4012410181817, 614.4012410181817, 614.4012410181817, 614.4012410181817, 614.4012410181817, 614.4012410181817, 614.4012410181817, 614.4015761454544, 614.4015761454544, 614.4015761454544, 614.4015761454544, 614.4015761454544, 614.4019112727271, 614.4019112727271, 614.4019112727271, 614.4019112727271, 614.4019112727271, 614.4019112727271, 614.4019112727271, 614.4019112727271, 614.4019112727271, 614.4019112727271, 614.4019112727271, 614.4019112727271, 614.4019112727271, 614.4019112727271, 716.8005707636362, 716.8012410181817, 716.8012410181817, 716.8015761454544, 716.8015761454544, 716.8015761454544, 716.8019112727271, 716.8019112727271, 716.8019112727271, 716.8019112727271, 716.8019112727271, 716.8019112727271, 819.2005707636362, 819.2009058909089, 819.2009058909089, 819.2009058909089, 819.2012410181817, 819.2012410181817, 819.2015761454544, 819.2015761454544, 819.2019112727271, 819.2019112727271, 819.2019112727271, 819.2019112727271, 819.2019112727271, 921.6009058909088, 921.6012410181817, 921.6012410181817, 921.6015761454544, 921.6019112727271, 1024.0012410181819, 1024.0015761454545, 1024.0019112727273]


Mobile stations: 25
Avg max intervals taken to connect all mobile stations: 8.52 , time:  872.448
Average station time taken to connect: 364.5450514701962
Avg connection times: [225.28097291636365, 229.3771203723636, 237.56905334690913, 245.76101313163636, 245.76112037236362, 249.85716058763634, 253.95301313163637, 253.95310696727276, 258.04898632145455, 258.0490935621818, 266.24103994181814, 270.33691929599996, 270.3370399418182, 274.43302653672725, 282.62499972654547, 282.62503994181816, 282.6250801570909, 286.72108015709097, 290.8169863214546, 290.817066752, 299.00917399272726, 303.105053346909, 307.2010265367273, 307.2010399418182, 307.2010801570909, 307.2010801570909, 311.2970131316363, 315.3930533469091, 315.3931337774545, 315.39318739781817, 319.489066752, 319.48912037236363, 319.48929463854546, 331.7769997265454, 331.7770533469091, 331.77710696727263, 335.87299972654546, 335.8730131316363, 335.87305334690905, 335.87306675199994, 335.87312037236364, 339.9691069672728, 344.0649729163636, 344.0649997265454, 344.06510696727275, 344.0651203723636, 348.1610131316363, 352.2570131316363, 352.2571069672727, 352.2571069672727, 356.353066752, 356.35310696727277, 360.4491337774545, 360.4491337774545, 364.5449595112727, 364.54510696727266, 368.6409595112727, 368.6410131316363, 368.64118739781816, 372.7369729163636, 372.7370533469091, 376.83295951127263, 380.9289595112727, 385.02501313163634, 385.02502653672724, 385.0250399418181, 389.1210935621817, 393.21703994181814, 393.2170935621818, 397.31302653672725, 405.50486567563627, 405.50502653672726, 409.60089248581806, 409.6009997265454, 413.69701313163625, 413.69709356218175, 413.6971069672727, 417.79297291636357, 417.79313377745456, 417.7931605876363, 421.88908015709086, 425.9851069672726, 430.081053346909, 434.1770265367272, 438.2729729163636, 438.27301313163633, 438.2730667519999, 446.4651203723636, 462.8491471825453, 466.94494610618176, 466.94528123345447, 471.04085227054543, 487.4249327010909, 487.42520080290905, 491.52110696727254, 503.80890589090893, 507.9049863214545, 557.0569058909091, 634.8810265367272, 720.8969997265453]
Max connection times: [512.0012410181818, 512.0015761454545, 512.0015761454545, 512.0019112727272, 512.0019112727272, 512.0019112727272, 614.4002356363635, 614.4009058909089, 614.4012410181817, 614.4012410181817, 614.4012410181817, 614.4012410181817, 614.4015761454544, 614.4015761454544, 614.4015761454544, 614.4015761454544, 614.4015761454544, 614.4019112727271, 614.4019112727271, 614.4019112727271, 614.4019112727271, 716.8005707636362, 716.8009058909089, 716.8009058909089, 716.8009058909089, 716.8012410181817, 716.8012410181817, 716.8012410181817, 716.8012410181817, 716.8012410181817, 716.8012410181817, 716.8012410181817, 716.8012410181817, 716.8012410181817, 716.8015761454544, 716.8015761454544, 716.8015761454544, 716.8015761454544, 716.8015761454544, 716.8019112727271, 716.8019112727271, 716.8019112727271, 716.8019112727271, 716.8019112727271, 716.8019112727271, 716.8019112727271, 716.8019112727271, 716.8019112727271, 716.8019112727271, 716.8019112727271, 819.2002356363635, 819.2005707636362, 819.2005707636362, 819.2005707636362, 819.2009058909089, 819.2009058909089, 819.2009058909089, 819.2012410181817, 819.2012410181817, 819.2012410181817, 819.2012410181817, 819.2012410181817, 819.2015761454544, 819.2015761454544, 819.2015761454544, 819.2015761454544, 819.2015761454544, 819.2015761454544, 819.2015761454544, 819.2015761454544, 819.2015761454544, 819.2015761454544, 819.2019112727271, 819.2019112727271, 819.2019112727271, 819.2019112727271, 819.2019112727271, 819.2019112727271, 819.2019112727271, 819.2019112727271, 819.2019112727271, 819.2019112727271, 921.6005707636361, 921.6005707636361, 921.6012410181817, 921.6015761454544, 921.6015761454544, 921.6019112727271, 921.6019112727271, 921.6019112727271, 921.6019112727271, 921.6019112727271, 1024.000905890909, 1024.0012410181819, 1024.0012410181819, 1024.0015761454545, 1024.0015761454545, 1126.4005707636363, 1126.4012410181817, 1126.4019112727271]