AP position [0, 0, 0.0]
AP sectors 12
Mob sectors: 12
Sls slots: 6


Mobile stations: 1
Avg max intervals taken to connect all mobile stations: 1.0 , time:  102.4
Average station time taken to connect: 0.0011155316363636368
Avg connection times: [0.00025425454545454544, 0.00025425454545454544, 0.00025425454545454544, 0.00025425454545454544, 0.00025425454545454544, 0.00025425454545454544, 0.00025425454545454544, 0.00025425454545454544, 0.00025425454545454544, 0.00025425454545454544, 0.00025425454545454544, 0.00025425454545454544, 0.00025425454545454544, 0.00025425454545454544, 0.00025425454545454544, 0.00025425454545454544, 0.00025425454545454544, 0.0005893818181818182, 0.0005893818181818182, 0.0005893818181818182, 0.0005893818181818182, 0.0005893818181818182, 0.0005893818181818182, 0.0005893818181818182, 0.0005893818181818182, 0.0005893818181818182, 0.0005893818181818182, 0.0005893818181818182, 0.0005893818181818182, 0.0005893818181818182, 0.0005893818181818182, 0.0005893818181818182, 0.0009245090909090909, 0.0009245090909090909, 0.0009245090909090909, 0.0009245090909090909, 0.0009245090909090909, 0.0009245090909090909, 0.0009245090909090909, 0.0009245090909090909, 0.0009245090909090909, 0.0009245090909090909, 0.0009245090909090909, 0.0009245090909090909, 0.0009245090909090909, 0.0009245090909090909, 0.0009245090909090909, 0.0009245090909090909, 0.0009245090909090909, 0.0012596363636363636, 0.0012596363636363636, 0.0012596363636363636, 0.0012596363636363636, 0.0012596363636363636, 0.0012596363636363636, 0.0012596363636363636, 0.0012596363636363636, 0.0012596363636363636, 0.0012596363636363636, 0.0012596363636363636, 0.0012596363636363636, 0.0012596363636363636, 0.0015947636363636364, 0.0015947636363636364, 0.0015947636363636364, 0.0015947636363636364, 0.0015947636363636364, 0.0015947636363636364, 0.0015947636363636364, 0.0015947636363636364, 0.0015947636363636364, 0.0015947636363636364, 0.0015947636363636364, 0.0015947636363636364, 0.0015947636363636364, 0.0015947636363636364, 0.0015947636363636364, 0.0015947636363636364, 0.0015947636363636364, 0.0015947636363636364, 0.0015947636363636364, 0.0015947636363636364, 0.0015947636363636364, 0.0019298909090909092, 0.0019298909090909092, 0.0019298909090909092, 0.0019298909090909092, 0.0019298909090909092, 0.0019298909090909092, 0.0019298909090909092, 0.0019298909090909092, 0.0019298909090909092, 0.0019298909090909092, 0.0019298909090909092, 0.0019298909090909092, 0.0019298909090909092, 0.0019298909090909092, 0.0019298909090909092, 0.0019298909090909092, 0.0019298909090909092]
Max connection times: [0.00025425454545454544, 0.00025425454545454544, 0.00025425454545454544, 0.00025425454545454544, 0.00025425454545454544, 0.00025425454545454544, 0.00025425454545454544, 0.00025425454545454544, 0.00025425454545454544, 0.00025425454545454544, 0.00025425454545454544, 0.00025425454545454544, 0.00025425454545454544, 0.00025425454545454544, 0.00025425454545454544, 0.00025425454545454544, 0.00025425454545454544, 0.0005893818181818182, 0.0005893818181818182, 0.0005893818181818182, 0.0005893818181818182, 0.0005893818181818182, 0.0005893818181818182, 0.0005893818181818182, 0.0005893818181818182, 0.0005893818181818182, 0.0005893818181818182, 0.0005893818181818182, 0.0005893818181818182, 0.0005893818181818182, 0.0005893818181818182, 0.0005893818181818182, 0.0009245090909090909, 0.0009245090909090909, 0.0009245090909090909, 0.0009245090909090909, 0.0009245090909090909, 0.0009245090909090909, 0.0009245090909090909, 0.0009245090909090909, 0.0009245090909090909, 0.0009245090909090909, 0.0009245090909090909, 0.0009245090909090909, 0.0009245090909090909, 0.0009245090909090909, 0.0009245090909090909, 0.0009245090909090909, 0.0009245090909090909, 0.0012596363636363636, 0.0012596363636363636, 0.0012596363636363636, 0.0012596363636363636, 0.0012596363636363636, 0.0012596363636363636, 0.0012596363636363636, 0.0012596363636363636, 0.0012596363636363636, 0.0012596363636363636, 0.0012596363636363636, 0.0012596363636363636, 0.0012596363636363636, 0.0015947636363636364, 0.0015947636363636364, 0.0015947636363636364, 0.0015947636363636364, 0.0015947636363636364, 0.0015947636363636364, 0.0015947636363636364, 0.0015947636363636364, 0.0015947636363636364, 0.0015947636363636364, 0.0015947636363636364, 0.0015947636363636364, 0.0015947636363636364, 0.0015947636363636364, 0.0015947636363636364, 0.0015947636363636364, 0.0015947636363636364, 0.0015947636363636364, 0.0015947636363636364, 0.0015947636363636364, 0.0015947636363636364, 0.0019298909090909092, 0.0019298909090909092, 0.0019298909090909092, 0.0019298909090909092, 0.0019298909090909092, 0.0019298909090909092, 0.0019298909090909092, 0.0019298909090909092, 0.0019298909090909092, 0.0019298909090909092, 0.0019298909090909092, 0.0019298909090909092, 0.0019298909090909092, 0.0019298909090909092, 0.0019298909090909092, 0.0019298909090909092, 0.0019298909090909092]


Mobile stations: 2
Avg max intervals taken to connect all mobile stations: 1.14 , time:  116.73599999999999
Average station time taken to connect: 12.801197637818177
Avg connection times: [0.0005893818181818182, 0.0005893818181818182, 0.0005893818181818182, 0.0007569454545454545, 0.0007569454545454545, 0.0007569454545454545, 0.0007569454545454545, 0.0007569454545454545, 0.0007569454545454545, 0.0007569454545454545, 0.0007569454545454546, 0.0007569454545454546, 0.0007569454545454546, 0.0007569454545454546, 0.0009245090909090909, 0.0009245090909090909, 0.0009245090909090909, 0.0009245090909090909, 0.0009245090909090909, 0.0009245090909090909, 0.0009245090909090909, 0.0009245090909090909, 0.0010920727272727272, 0.0010920727272727272, 0.0010920727272727272, 0.0010920727272727272, 0.0010920727272727272, 0.0010920727272727272, 0.0010920727272727272, 0.0010920727272727272, 0.0010920727272727272, 0.0010920727272727272, 0.0010920727272727272, 0.0010920727272727272, 0.0010920727272727272, 0.0010920727272727272, 0.0010920727272727272, 0.0010920727272727272, 0.0010920727272727272, 0.0010920727272727272, 0.0010920727272727272, 0.0010920727272727272, 0.0010920727272727272, 0.0010920727272727272, 0.0010920727272727272, 0.0012596363636363636, 0.0012596363636363636, 0.0012596363636363636, 0.0012596363636363636, 0.0012596363636363636, 0.0012596363636363636, 0.0012596363636363636, 0.0012596363636363636, 0.0012596363636363638, 0.0012596363636363638, 0.0012596363636363638, 0.0012596363636363638, 0.0012596363636363638, 0.0012596363636363638, 0.0014272, 0.0014272, 0.0014272, 0.0014272, 0.0014272, 0.0014272, 0.0014272, 0.0014272, 0.0014272, 0.0014272, 0.0014272, 0.0014272, 0.0014272, 0.0014272, 0.0014272, 0.0014272, 0.0015947636363636364, 0.0015947636363636364, 0.0015947636363636364, 0.0015947636363636364, 0.0017623272727272728, 0.0017623272727272728, 0.0017623272727272728, 0.0017623272727272728, 0.0017623272727272728, 0.0017623272727272728, 0.0017623272727272728, 0.0017623272727272728, 51.201259636363645, 51.201427200000005, 51.2019298909091, 102.40075694545456, 102.40075694545456, 102.40092450909091, 102.40109207272728, 102.40109207272728, 102.40125963636365, 102.40125963636365, 102.40125963636365, 102.4014272, 204.80176232727274]
Max connection times: [0.0009245090909090909, 0.0009245090909090909, 0.0009245090909090909, 0.0009245090909090909, 0.0009245090909090909, 0.0009245090909090909, 0.0009245090909090909, 0.0012596363636363636, 0.0012596363636363636, 0.0012596363636363636, 0.0012596363636363636, 0.0012596363636363636, 0.0012596363636363636, 0.0012596363636363636, 0.0012596363636363636, 0.0012596363636363636, 0.0012596363636363636, 0.0012596363636363636, 0.0012596363636363636, 0.0012596363636363636, 0.0012596363636363636, 0.0012596363636363636, 0.0012596363636363636, 0.0012596363636363636, 0.0012596363636363636, 0.0012596363636363636, 0.0012596363636363636, 0.0015947636363636364, 0.0015947636363636364, 0.0015947636363636364, 0.0015947636363636364, 0.0015947636363636364, 0.0015947636363636364, 0.0015947636363636364, 0.0015947636363636364, 0.0015947636363636364, 0.0015947636363636364, 0.0015947636363636364, 0.0015947636363636364, 0.0015947636363636364, 0.0015947636363636364, 0.0015947636363636364, 0.0015947636363636364, 0.0015947636363636364, 0.0015947636363636364, 0.0015947636363636364, 0.0015947636363636364, 0.0015947636363636364, 0.0015947636363636364, 0.0015947636363636364, 0.0015947636363636364, 0.0015947636363636364, 0.0015947636363636364, 0.0019298909090909092, 0.0019298909090909092, 0.0019298909090909092, 0.0019298909090909092, 0.0019298909090909092, 0.0019298909090909092, 0.0019298909090909092, 0.0019298909090909092, 0.0019298909090909092, 0.0019298909090909092, 0.0019298909090909092, 0.0019298909090909092, 0.0019298909090909092, 0.0019298909090909092, 0.0019298909090909092, 0.0019298909090909092, 0.0019298909090909092, 0.0019298909090909092, 0.0019298909090909092, 0.0019298909090909092, 0.0019298909090909092, 0.0019298909090909092, 0.0019298909090909092, 0.0019298909090909092, 0.0019298909090909092, 0.0019298909090909092, 0.0019298909090909092, 0.0019298909090909092, 0.0019298909090909092, 0.0019298909090909092, 0.0019298909090909092, 0.0019298909090909092, 0.0019298909090909092, 0.0019298909090909092, 102.40092450909091, 102.40092450909091, 102.40125963636365, 102.40125963636365, 102.40159476363637, 102.40159476363637, 102.40159476363637, 102.40159476363637, 102.40159476363637, 102.40159476363637, 102.4019298909091, 102.4019298909091, 204.80192989090912]


Mobile stations: 4
Avg max intervals taken to connect all mobile stations: 1.86 , time:  190.46400000000003
Average station time taken to connect: 39.681102126545454
Avg connection times: [0.0007569454545454546, 0.0008407272727272727, 0.0008407272727272727, 0.0009245090909090908, 0.000924509090909091, 0.000924509090909091, 0.0010082909090909091, 0.0010082909090909091, 0.0010082909090909091, 0.0010082909090909091, 0.0010082909090909091, 0.0010920727272727272, 0.0010920727272727272, 0.0010920727272727274, 0.0010920727272727274, 0.0010920727272727274, 0.0010920727272727274, 0.0011758545454545455, 0.0011758545454545455, 0.0011758545454545455, 0.0011758545454545455, 0.0011758545454545455, 0.0012596363636363636, 0.0012596363636363638, 0.0012596363636363638, 0.0014272, 25.600756945454545, 25.600924509090913, 25.601008290909093, 25.601008290909093, 25.601092072727273, 25.601092072727276, 25.601092072727276, 25.601175854545456, 25.601175854545456, 25.601175854545456, 25.601175854545456, 25.601259636363636, 25.60125963636364, 25.60134341818182, 25.60134341818182, 25.60134341818182, 25.6014272, 25.601510981818183, 25.601594763636363, 25.601678545454547, 51.20058938181818, 51.20058938181819, 51.20075694545455, 51.200840727272734, 51.200840727272734, 51.200840727272734, 51.200840727272734, 51.20092450909091, 51.20092450909091, 51.20092450909091, 51.20092450909091, 51.20092450909091, 51.20092450909091, 51.201008290909094, 51.201008290909094, 51.2010082909091, 51.20109207272728, 51.20109207272728, 51.20109207272728, 51.20109207272728, 51.20109207272728, 51.20109207272728, 51.20109207272728, 51.20109207272728, 51.20109207272728, 51.20109207272728, 51.20109207272728, 51.201175854545454, 51.201175854545454, 51.201175854545454, 51.20117585454546, 51.20125963636364, 51.201259636363645, 51.201259636363645, 51.20134341818182, 51.2014272, 51.201427200000005, 51.201427200000005, 51.20151098181819, 51.201594763636365, 76.80058938181818, 76.80125963636364, 76.80134341818183, 102.40042181818183, 102.40067316363638, 102.40084072727274, 102.40092450909093, 102.4010082909091, 102.40109207272728, 102.4010920727273, 102.40142720000001, 102.4015109818182, 128.00117585454547, 128.00142720000002]
Max connection times: [0.0012596363636363636, 0.0015947636363636364, 0.0015947636363636364, 0.0015947636363636364, 0.0015947636363636364, 0.0015947636363636364, 0.0015947636363636364, 0.0019298909090909092, 0.0019298909090909092, 0.0019298909090909092, 0.0019298909090909092, 0.0019298909090909092, 0.0019298909090909092, 0.0019298909090909092, 0.0019298909090909092, 0.0019298909090909092, 0.0019298909090909092, 0.0019298909090909092, 0.0019298909090909092, 0.0019298909090909092, 0.0019298909090909092, 0.0019298909090909092, 0.0019298909090909092, 0.0019298909090909092, 0.0019298909090909092, 0.0019298909090909092, 102.40025425454546, 102.40025425454546, 102.4005893818182, 102.4005893818182, 102.4005893818182, 102.4005893818182, 102.4005893818182, 102.4005893818182, 102.4005893818182, 102.4005893818182, 102.40092450909091, 102.40092450909091, 102.40092450909091, 102.40092450909091, 102.40092450909091, 102.40092450909091, 102.40125963636365, 102.40125963636365, 102.40125963636365, 102.40125963636365, 102.40125963636365, 102.40125963636365, 102.40125963636365, 102.40125963636365, 102.40125963636365, 102.40125963636365, 102.40125963636365, 102.40125963636365, 102.40125963636365, 102.40125963636365, 102.40125963636365, 102.40159476363637, 102.40159476363637, 102.40159476363637, 102.40159476363637, 102.40159476363637, 102.40159476363637, 102.40159476363637, 102.40159476363637, 102.40159476363637, 102.40159476363637, 102.40159476363637, 102.40159476363637, 102.40159476363637, 102.40159476363637, 102.40159476363637, 102.40159476363637, 102.4019298909091, 102.4019298909091, 102.4019298909091, 102.4019298909091, 102.4019298909091, 102.4019298909091, 102.4019298909091, 102.4019298909091, 102.4019298909091, 102.4019298909091, 102.4019298909091, 102.4019298909091, 102.4019298909091, 102.4019298909091, 102.4019298909091, 204.8005893818182, 204.8005893818182, 204.80092450909095, 204.80092450909095, 204.80092450909095, 204.80092450909095, 204.80125963636365, 204.80125963636365, 204.80125963636365, 204.80192989090912, 204.80192989090912, 204.80192989090912]


Mobile stations: 6
Avg max intervals taken to connect all mobile stations: 2.36 , time:  241.664
Average station time taken to connect: 54.1024170278788
Avg connection times: [0.0010920727272727274, 0.0010920727272727274, 17.067591175757578, 17.067591175757578, 17.067647030303032, 17.067647030303032, 17.067702884848487, 17.06775873939394, 17.06775873939394, 17.067814593939396, 17.067814593939396, 17.067814593939396, 17.067814593939396, 17.067926303030305, 17.067926303030305, 34.13414613333333, 34.13414613333334, 34.13420198787879, 34.13420198787879, 34.13420198787879, 34.13420198787879, 34.13425784242424, 34.1343136969697, 34.1343136969697, 34.1343136969697, 34.1343136969697, 34.1343136969697, 34.13436955151516, 34.13442540606061, 34.13442540606061, 34.13442540606061, 34.13442540606061, 34.13442540606061, 34.13448126060606, 34.134481260606066, 34.13453711515152, 34.13453711515152, 34.13453711515152, 34.13453711515152, 34.13459296969697, 34.134592969696975, 34.134592969696975, 34.134592969696975, 34.134648824242426, 34.134648824242426, 51.20086865454545, 51.20086865454545, 51.20098036363637, 51.20098036363637, 51.20098036363637, 51.20103621818182, 51.20103621818182, 51.20103621818182, 51.20103621818182, 51.20103621818183, 51.20109207272728, 51.20109207272728, 51.20114792727273, 51.20114792727273, 51.20120378181818, 51.20120378181818, 51.20120378181819, 51.20120378181819, 51.20125963636364, 51.20125963636364, 51.201427200000005, 51.201427200000005, 51.20148305454546, 68.26742361212122, 68.26747946666667, 68.26753532121212, 68.26764703030304, 68.26764703030304, 68.26764703030304, 68.2677028848485, 68.26775873939395, 68.2678145939394, 68.2678145939394, 68.26787044848486, 85.33425784242426, 85.33436955151517, 85.33436955151517, 85.33442540606062, 85.33442540606062, 85.33459296969698, 102.40075694545455, 102.4010920727273, 102.4010920727273, 102.40109207272731, 102.40109207272731, 102.40114792727275, 102.4012037818182, 102.40125963636365, 102.40125963636365, 119.46742361212125, 119.46775873939396, 119.46798215757578, 136.53420198787884, 153.60109207272728, 153.60125963636366]
Max connection times: [0.0019298909090909092, 0.0019298909090909092, 102.40025425454546, 102.40025425454546, 102.4005893818182, 102.4005893818182, 102.4005893818182, 102.4005893818182, 102.4005893818182, 102.4005893818182, 102.40092450909091, 102.40092450909091, 102.40092450909091, 102.40092450909091, 102.40092450909091, 102.40125963636365, 102.40125963636365, 102.40125963636365, 102.40125963636365, 102.40125963636365, 102.40125963636365, 102.40125963636365, 102.40125963636365, 102.40125963636365, 102.40125963636365, 102.40125963636365, 102.40125963636365, 102.40159476363637, 102.40159476363637, 102.40159476363637, 102.40159476363637, 102.40159476363637, 102.40159476363637, 102.40159476363637, 102.40159476363637, 102.40159476363637, 102.40159476363637, 102.40159476363637, 102.40159476363637, 102.40159476363637, 102.40159476363637, 102.40159476363637, 102.40159476363637, 102.40159476363637, 102.40159476363637, 102.40159476363637, 102.4019298909091, 102.4019298909091, 102.4019298909091, 102.4019298909091, 102.4019298909091, 102.4019298909091, 102.4019298909091, 102.4019298909091, 102.4019298909091, 102.4019298909091, 102.4019298909091, 102.4019298909091, 102.4019298909091, 102.4019298909091, 102.4019298909091, 102.4019298909091, 102.4019298909091, 102.4019298909091, 102.4019298909091, 102.4019298909091, 102.4019298909091, 102.4019298909091, 102.4019298909091, 102.4019298909091, 204.80025425454548, 204.8005893818182, 204.80092450909095, 204.80092450909095, 204.80092450909095, 204.80125963636365, 204.80125963636365, 204.80125963636365, 204.80125963636365, 204.80125963636365, 204.8015947636364, 204.8015947636364, 204.8015947636364, 204.8015947636364, 204.80192989090912, 204.80192989090912, 204.80192989090912, 204.80192989090912, 204.80192989090912, 204.80192989090912, 204.80192989090912, 204.80192989090912, 307.20025425454554, 307.200924509091, 307.2012596363637, 307.2012596363637, 307.2015947636365, 307.2015947636365, 307.2015947636365, 307.2019298909092]


Mobile stations: 10
Avg max intervals taken to connect all mobile stations: 3.79 , time:  388.096
Average station time taken to connect: 124.41707095970911
Avg connection times: [40.961058560000005, 51.20105856, 51.20105856, 51.2011926109091, 61.44099153454546, 61.44102504727273, 61.44105856000001, 61.44109207272727, 71.68092450909091, 71.68105856000001, 71.68105856000003, 71.68109207272728, 71.68112558545457, 71.68115909818182, 71.68129314909092, 81.92089099636364, 81.92092450909091, 81.92105856, 81.92125963636366, 92.16085748363636, 92.1609245090909, 92.16092450909092, 92.16102504727273, 92.16102504727274, 92.16102504727276, 92.16105856, 92.16105856, 92.16122612363637, 92.16125963636364, 102.40099153454548, 102.40102504727274, 102.40105856, 102.40112558545454, 102.40112558545457, 102.40122612363636, 102.40122612363639, 102.40129314909093, 112.64082397090911, 112.6409580218182, 112.64099153454549, 112.64102504727273, 112.64112558545455, 112.64119261090912, 112.6412261236364, 112.64129314909091, 122.88079045818185, 122.8809580218182, 122.88099153454547, 122.88099153454547, 122.88102504727276, 122.88105856000001, 122.8810920727273, 122.8810920727273, 122.8810920727273, 122.88112558545455, 122.88125963636364, 122.88129314909092, 133.12082397090913, 133.12085748363637, 133.12089099636364, 133.12099153454545, 133.1210920727273, 133.12112558545456, 133.12115909818183, 133.12115909818183, 133.12122612363638, 133.12122612363638, 133.12125963636365, 133.12129314909095, 143.36102504727273, 143.36105856000003, 153.6008574836364, 153.60089099636366, 153.6008909963637, 153.60092450909093, 153.6009580218182, 153.60105856, 153.6010920727273, 153.60122612363637, 153.6012261236364, 153.6012261236364, 174.08085748363638, 174.08092450909095, 174.0809915345455, 174.08102504727276, 174.08105856000003, 174.0811590981818, 174.0813266618182, 174.08139368727277, 184.32092450909096, 184.32109207272728, 184.32119261090912, 184.32119261090912, 194.56072343272731, 204.8010920727273, 215.0409580218182, 215.04112558545458, 215.04119261090915, 225.28079045818185, 235.52129314909098]
Max connection times: [102.4019298909091, 102.4019298909091, 102.4019298909091, 204.80025425454548, 204.8005893818182, 204.8005893818182, 204.80092450909095, 204.80092450909095, 204.80125963636365, 204.80125963636365, 204.80125963636365, 204.80125963636365, 204.80125963636365, 204.80125963636365, 204.80125963636365, 204.80125963636365, 204.8015947636364, 204.8015947636364, 204.8015947636364, 204.8015947636364, 204.8015947636364, 204.8015947636364, 204.8015947636364, 204.8015947636364, 204.8015947636364, 204.80192989090912, 204.80192989090912, 204.80192989090912, 204.80192989090912, 204.80192989090912, 204.80192989090912, 204.80192989090912, 204.80192989090912, 204.80192989090912, 204.80192989090912, 204.80192989090912, 204.80192989090912, 204.80192989090912, 307.20025425454554, 307.20025425454554, 307.20025425454554, 307.20058938181825, 307.20058938181825, 307.20058938181825, 307.20058938181825, 307.20058938181825, 307.20058938181825, 307.200924509091, 307.200924509091, 307.200924509091, 307.200924509091, 307.200924509091, 307.200924509091, 307.200924509091, 307.200924509091, 307.200924509091, 307.2012596363637, 307.2012596363637, 307.2012596363637, 307.2012596363637, 307.2012596363637, 307.2012596363637, 307.2012596363637, 307.2015947636365, 307.2015947636365, 307.2015947636365, 307.2015947636365, 307.2015947636365, 307.2019298909092, 307.2019298909092, 307.2019298909092, 307.2019298909092, 307.2019298909092, 307.2019298909092, 307.2019298909092, 307.2019298909092, 307.2019298909092, 307.2019298909092, 307.2019298909092, 307.2019298909092, 307.2019298909092, 307.2019298909092, 409.6002542545455, 409.600924509091, 409.600924509091, 409.600924509091, 409.6012596363637, 409.6012596363637, 409.6012596363637, 409.6012596363637, 409.6012596363637, 409.60159476363646, 409.60159476363646, 409.60192989090916, 409.60192989090916, 409.60192989090916, 409.60192989090916, 409.60192989090916, 512.0012596363636, 512.001929890909]


Mobile stations: 14
Avg max intervals taken to connect all mobile stations: 4.77 , time:  488.448
Average station time taken to connect: 166.98623516924675
Avg connection times: [80.45825886753246, 95.08671060779223, 95.0868781714286, 95.08692604675325, 109.71523416103898, 109.71535384935065, 109.71537778701301, 109.7154974753247, 117.02954381298704, 117.02963956363638, 117.02968743896106, 117.02985500259742, 124.34380558961041, 124.34382952727275, 124.3439970909091, 124.34406890389612, 131.65806736623378, 131.65811524155848, 131.65816311688314, 131.65818705454546, 131.6581870545455, 131.65825886753248, 131.65828280519483, 131.65828280519483, 131.6583785558442, 138.9724009558442, 138.9724248935065, 138.9724727688312, 138.97256851948055, 138.97261639480521, 138.97261639480524, 138.9726403324676, 138.97266427012988, 146.28673454545455, 146.28683029610391, 146.28685423376626, 146.28692604675328, 146.28702179740262, 153.60097238441563, 153.60099632207795, 153.60104419740262, 153.60106813506493, 153.6010920727273, 153.60113994805198, 153.60113994805198, 153.60118782337665, 153.60121176103897, 160.91528203636364, 160.915305974026, 160.915305974026, 160.91537778701303, 160.91537778701306, 160.91542566233767, 160.9154256623377, 160.91544960000004, 160.91544960000004, 160.91559322597408, 168.2294480623377, 168.22966350129875, 175.54399709090916, 175.54402102857142, 182.85806736623383, 182.8580913038961, 182.85811524155847, 182.85818705454548, 182.85821099220783, 182.85828280519482, 182.85837855584418, 182.85837855584418, 182.85840249350653, 190.17254458181824, 190.17254458181824, 190.1725924571429, 190.1726642701299, 197.4866866701299, 197.48671060779225, 197.48678242077926, 204.80092450909092, 204.80097238441564, 204.80113994805197, 212.11518628571432, 212.11528203636365, 212.11542566233769, 212.1154496, 219.42959168831172, 219.42961562597404, 219.42966350129873, 219.42973531428575, 226.7438295272727, 226.7439970909091, 226.74404496623382, 234.05806736623384, 234.05811524155843, 234.05823492987014, 234.05825886753246, 234.05840249350655, 241.37252064415583, 256.00099632207787, 263.31542566233765, 270.62966350129875]
Max connection times: [204.80192989090912, 204.80192989090912, 307.20025425454554, 307.20058938181825, 307.20058938181825, 307.200924509091, 307.200924509091, 307.200924509091, 307.2012596363637, 307.2012596363637, 307.2012596363637, 307.2012596363637, 307.2012596363637, 307.2012596363637, 307.2012596363637, 307.2015947636365, 307.2015947636365, 307.2015947636365, 307.2015947636365, 307.2015947636365, 307.2015947636365, 307.2015947636365, 307.2015947636365, 307.2019298909092, 307.2019298909092, 307.2019298909092, 307.2019298909092, 307.2019298909092, 307.2019298909092, 307.2019298909092, 307.2019298909092, 307.2019298909092, 307.2019298909092, 307.2019298909092, 307.2019298909092, 307.2019298909092, 307.2019298909092, 307.2019298909092, 307.2019298909092, 307.2019298909092, 307.2019298909092, 409.6005893818182, 409.6005893818182, 409.600924509091, 409.600924509091, 409.6012596363637, 409.6012596363637, 409.6012596363637, 409.6012596363637, 409.6012596363637, 409.6012596363637, 409.6012596363637, 409.60159476363646, 409.60159476363646, 409.60159476363646, 409.60159476363646, 409.60159476363646, 409.60159476363646, 409.60159476363646, 409.60159476363646, 409.60159476363646, 409.60159476363646, 409.60159476363646, 409.60159476363646, 409.60159476363646, 409.60159476363646, 409.60159476363646, 409.60192989090916, 409.60192989090916, 409.60192989090916, 409.60192989090916, 409.60192989090916, 409.60192989090916, 409.60192989090916, 409.60192989090916, 409.60192989090916, 409.60192989090916, 409.60192989090916, 409.60192989090916, 409.60192989090916, 409.60192989090916, 409.60192989090916, 409.60192989090916, 409.60192989090916, 512.0009245090907, 512.0009245090907, 512.0012596363636, 512.0012596363636, 512.0012596363636, 512.0015947636363, 512.0015947636363, 512.0015947636363, 512.0015947636363, 512.001929890909, 512.001929890909, 512.001929890909, 512.001929890909, 614.4012596363635, 614.401929890909, 716.800589381818]


Mobile stations: 18
Avg max intervals taken to connect all mobile stations: 5.95 , time:  609.2800000000001
Average station time taken to connect: 226.76019406092928
Avg connection times: [136.53444402424245, 142.22340738585862, 147.9122218020202, 153.60107345454549, 153.60109207272728, 153.6011665454546, 159.289794779798, 159.28992510707073, 159.29005543434346, 164.97886985050505, 164.9788884686869, 164.9789070868687, 164.97892570505053, 170.6676842666667, 170.66775873939397, 170.6678145939394, 176.35662901010105, 176.35668486464652, 176.35670348282827, 182.04538757171724, 182.0454806626263, 182.0455923717172, 187.7342950787879, 187.73440678787878, 187.7344067878788, 187.7344067878788, 187.73449987878791, 193.42323982222223, 193.42325844040408, 193.42331429494953, 193.42335153131316, 199.11214732929295, 199.11218456565658, 204.80096174545457, 204.80099898181822, 204.80105483636365, 204.80105483636368, 204.80114792727278, 210.4898506343435, 210.48988787070707, 210.48990648888892, 210.48996234343437, 210.48999957979797, 210.489999579798, 210.49005543434345, 216.178776759596, 216.1788512323232, 221.86757255757573, 221.86766564848486, 221.86768426666669, 221.8677215030303, 221.86772150303034, 221.86775873939393, 221.86785183030304, 227.55659177373738, 227.5566103919192, 227.55664762828292, 227.55666624646463, 227.5566662464647, 227.5567593373738, 233.2454806626263, 233.24575993535356, 238.93435093333332, 238.93440678787886, 238.9344998787879, 244.62320258585862, 244.6232770585859, 244.62329567676773, 244.6233515313132, 244.62338876767677, 244.62342600404043, 250.3120914747475, 256.0010920727273, 256.00116654545457, 256.0011665454546, 256.00127825454547, 261.68990648888894, 261.68994372525253, 267.37896294141416, 267.37896294141416, 267.3790932686868, 273.0675911757576, 273.0677587393939, 284.44540618989896, 284.4455178989899, 290.13442540606064, 290.1346115878788, 295.82329567676766, 301.5120914747475, 301.51214732929293, 301.5121845656566, 307.2010734545454, 307.2011479272727, 312.89001819797977, 318.57879537777774, 324.26770288484846, 324.26772150303026, 324.2677401212121, 347.0232398222222, 392.5343881696969]
Max connection times: [307.2012596363637, 307.2015947636365, 307.2019298909092, 307.2019298909092, 409.6005893818182, 409.600924509091, 409.600924509091, 409.600924509091, 409.6012596363637, 409.6012596363637, 409.6012596363637, 409.6012596363637, 409.6012596363637, 409.60159476363646, 409.60159476363646, 409.60159476363646, 409.60159476363646, 409.60192989090916, 409.60192989090916, 409.60192989090916, 409.60192989090916, 409.60192989090916, 409.60192989090916, 409.60192989090916, 409.60192989090916, 409.60192989090916, 409.60192989090916, 409.60192989090916, 409.60192989090916, 409.60192989090916, 409.60192989090916, 409.60192989090916, 409.60192989090916, 409.60192989090916, 409.60192989090916, 409.60192989090916, 409.60192989090916, 512.0002542545453, 512.0002542545453, 512.0002542545453, 512.000589381818, 512.000589381818, 512.000589381818, 512.000589381818, 512.000589381818, 512.0009245090907, 512.0009245090907, 512.0012596363636, 512.0012596363636, 512.0012596363636, 512.0012596363636, 512.0015947636363, 512.0015947636363, 512.0015947636363, 512.0015947636363, 512.0015947636363, 512.0015947636363, 512.0015947636363, 512.0015947636363, 512.0015947636363, 512.0015947636363, 512.001929890909, 512.001929890909, 512.001929890909, 512.001929890909, 512.001929890909, 512.001929890909, 512.001929890909, 512.001929890909, 512.001929890909, 512.001929890909, 512.001929890909, 512.001929890909, 512.001929890909, 512.001929890909, 512.001929890909, 614.4002542545453, 614.400589381818, 614.4009245090907, 614.4009245090907, 614.4009245090907, 614.4015947636362, 614.4015947636362, 614.4015947636362, 614.401929890909, 614.401929890909, 614.401929890909, 614.401929890909, 614.401929890909, 614.401929890909, 716.8012596363635, 716.8012596363635, 716.8012596363635, 716.8015947636362, 716.8019298909089, 716.8019298909089, 716.8019298909089, 716.8019298909089, 819.200589381818, 819.2015947636362]


Mobile stations: 22
Avg max intervals taken to connect all mobile stations: 7.05 , time:  721.9200000000001
Average station time taken to connect: 280.57709725196696
Avg connection times: [176.8738345785124, 181.52838003305789, 186.1827883900827, 186.18284932231407, 195.4920316297521, 200.14654661818187, 204.80107683966946, 204.8011073057851, 209.4555918280992, 214.1101525157025, 214.11018298181818, 214.1102134479339, 218.76466750413226, 218.76475890247937, 223.41906062809915, 223.41924342479342, 223.41927389090912, 223.41936528925623, 223.41938052231407, 228.07363654876028, 228.07380411239674, 232.72830386776866, 232.7283191008265, 232.72836480000004, 232.7284561983471, 237.38287978842973, 237.38289502148766, 237.38298641983468, 242.0375928066116, 242.03763850578514, 246.69195546446284, 251.34648568595046, 251.34648568595046, 251.34660755041324, 256.00098544132237, 256.00103114049585, 256.0011073057852, 256.0012139371901, 256.0012291702479, 256.001229170248, 260.6555918280992, 265.3101220495868, 265.3101982148761, 265.3102134479339, 265.31025914710744, 269.96478936859506, 269.964896, 274.6192586578513, 279.2737279471075, 279.27375841322316, 279.27381934545457, 279.273971676033, 283.9282429355371, 283.92831910082646, 283.9283495669422, 283.9283800330578, 283.9284257322314, 283.9284561983471, 288.58294072066116, 288.5830168859504, 293.23744047603304, 293.2374404760331, 293.23756234049586, 293.2375775735537, 293.23766897190086, 297.8918792991735, 297.8919097652893, 297.8920011636364, 297.89201639669426, 297.8920468628099, 297.89204686280993, 302.5466227834711, 307.20113777190085, 311.85559182809925, 311.85565276033054, 311.8556832264463, 316.5101829818181, 316.51033531239676, 321.1646522710743, 321.1646827371901, 325.8192281917356, 325.8192434247934, 330.47394120991726, 339.782955953719, 339.7830930512397, 344.4373186115702, 344.4373643107438, 353.7464856859504, 353.7465466181818, 358.40103114049583, 363.05557659504126, 367.7101525157024, 377.01927389090906, 386.3281972363635, 386.3283800330577, 390.98301688595035, 404.9464095206611, 404.9464704528925, 409.6010768396693, 479.41938052231393]
Max connection times: [409.6012596363637, 409.60159476363646, 409.60159476363646, 409.60192989090916, 409.60192989090916, 409.60192989090916, 512.000589381818, 512.0009245090907, 512.0009245090907, 512.0012596363636, 512.0012596363636, 512.0012596363636, 512.0015947636363, 512.0015947636363, 512.0015947636363, 512.0015947636363, 512.0015947636363, 512.0015947636363, 512.0015947636363, 512.0015947636363, 512.001929890909, 512.001929890909, 512.001929890909, 512.001929890909, 512.001929890909, 512.001929890909, 512.001929890909, 512.001929890909, 512.001929890909, 512.001929890909, 512.001929890909, 512.001929890909, 512.001929890909, 512.001929890909, 512.001929890909, 512.001929890909, 512.001929890909, 512.001929890909, 614.4002542545453, 614.400589381818, 614.4009245090907, 614.4009245090907, 614.4012596363635, 614.4012596363635, 614.4012596363635, 614.4012596363635, 614.4012596363635, 614.4012596363635, 614.4012596363635, 614.4015947636362, 614.4015947636362, 614.4015947636362, 614.4015947636362, 614.4015947636362, 614.4015947636362, 614.401929890909, 614.401929890909, 614.401929890909, 614.401929890909, 614.401929890909, 614.401929890909, 614.401929890909, 614.401929890909, 614.401929890909, 614.401929890909, 614.401929890909, 716.8002542545453, 716.800589381818, 716.8009245090907, 716.8009245090907, 716.8009245090907, 716.8012596363635, 716.8012596363635, 716.8015947636362, 716.8015947636362, 716.8015947636362, 716.8015947636362, 716.8015947636362, 716.8015947636362, 716.8019298909089, 716.8019298909089, 716.8019298909089, 716.8019298909089, 716.8019298909089, 716.8019298909089, 716.8019298909089, 716.8019298909089, 716.8019298909089, 716.8019298909089, 819.2009245090907, 819.2009245090907, 819.2012596363635, 819.2012596363635, 819.2019298909089, 819.2019298909089, 819.2019298909089, 819.2019298909089, 921.6012596363635, 921.6019298909089, 1024.000924509091]


Mobile stations: 25
Avg max intervals taken to connect all mobile stations: 8.08 , time:  827.392
Average station time taken to connect: 332.6782134132364
Avg connection times: [208.8971121803637, 221.1851523956364, 233.47304515490907, 237.5690451549091, 249.85707196509094, 253.95305856000002, 258.0490183447273, 262.14520601600003, 266.24097812945456, 266.2410719650909, 266.24111218036364, 270.3370987752727, 274.43305856, 274.43315239563634, 278.5291658007273, 278.5292462312727, 282.6249647243637, 282.62500493963637, 282.62509877527276, 282.6251926109091, 282.62520601600005, 286.7209915345455, 286.72105856, 286.7211792058182, 290.8170719650909, 290.8171255854545, 294.9132462312727, 299.00908537018177, 299.0091255854545, 299.0091926109091, 303.1050049396364, 303.1050987752727, 303.1053802821818, 311.2970317498182, 311.2970451549091, 311.2970451549091, 311.2970451549091, 311.29716580072727, 315.39291110399995, 315.39304515490915, 315.39311218036363, 315.3931523956364, 319.48920601599997, 323.5850183447273, 327.6810049396364, 327.6810317498182, 327.68111218036364, 327.68115239563645, 331.7770317498182, 331.7770317498182, 331.77709877527275, 331.77716580072723, 335.87297812945457, 335.87301834472726, 339.9689245090909, 339.9690451549091, 339.9691121803636, 339.9691926109091, 344.06499153454547, 344.065045154909, 344.06509877527265, 344.0651389905454, 344.0651792058182, 348.16105855999996, 348.16111218036355, 348.16113899054545, 352.25707196509086, 352.2571121803636, 356.3530451549091, 356.35312558545456, 356.35317920581815, 360.4491792058182, 364.5450049396363, 364.5450451549091, 364.5450987752727, 372.73705856, 372.7371792058181, 376.8330183447273, 376.8330853701819, 380.9290719650908, 380.9290853701818, 380.92909877527273, 380.9291121803637, 380.9291389905455, 380.92919261090907, 385.02497812945455, 389.1209781294546, 389.1211792058182, 397.3131389905455, 397.3131792058182, 401.40900493963636, 409.6012328261818, 413.697206016, 421.8891389905454, 425.9848038632727, 425.98508537018176, 425.985192610909, 446.4650853701818, 466.94507196509073, 507.9050987752726]
Max connection times: [409.60192989090916, 512.0012596363636, 512.0015947636363, 512.001929890909, 512.001929890909, 614.4002542545453, 614.400589381818, 614.400589381818, 614.400589381818, 614.4009245090907, 614.4009245090907, 614.4009245090907, 614.4009245090907, 614.4012596363635, 614.4012596363635, 614.4012596363635, 614.4012596363635, 614.4015947636362, 614.4015947636362, 614.4015947636362, 614.4015947636362, 614.4015947636362, 614.401929890909, 614.401929890909, 614.401929890909, 614.401929890909, 614.401929890909, 614.401929890909, 614.401929890909, 614.401929890909, 614.401929890909, 614.401929890909, 614.401929890909, 614.401929890909, 614.401929890909, 614.401929890909, 716.800589381818, 716.8009245090907, 716.8009245090907, 716.8012596363635, 716.8012596363635, 716.8012596363635, 716.8012596363635, 716.8012596363635, 716.8012596363635, 716.8015947636362, 716.8015947636362, 716.8015947636362, 716.8015947636362, 716.8015947636362, 716.8015947636362, 716.8015947636362, 716.8019298909089, 716.8019298909089, 716.8019298909089, 716.8019298909089, 716.8019298909089, 716.8019298909089, 716.8019298909089, 716.8019298909089, 716.8019298909089, 716.8019298909089, 716.8019298909089, 716.8019298909089, 716.8019298909089, 716.8019298909089, 716.8019298909089, 819.200589381818, 819.200589381818, 819.200589381818, 819.2009245090907, 819.2009245090907, 819.2009245090907, 819.2012596363635, 819.2012596363635, 819.2012596363635, 819.2015947636362, 819.2015947636362, 819.2015947636362, 819.2015947636362, 819.2015947636362, 819.2019298909089, 819.2019298909089, 819.2019298909089, 819.2019298909089, 819.2019298909089, 819.2019298909089, 819.2019298909089, 819.2019298909089, 819.2019298909089, 819.2019298909089, 921.6005893818179, 921.6005893818179, 921.6015947636362, 1024.0019298909092, 1024.0019298909092, 1024.0019298909092, 1024.0019298909092, 1126.4015947636362, 1126.4015947636362]