AP position [0, 0, 0.0]
AP sectors 12
Mob sectors: 4
Sls slots: 6


Mobile stations: 1
Avg max intervals taken to connect all mobile stations: 1.0 , time:  102.4
Average station time taken to connect: 0.0010734545454545456
Avg connection times: [0.00023563636363636362, 0.00023563636363636362, 0.00023563636363636362, 0.00023563636363636362, 0.00023563636363636362, 0.00023563636363636362, 0.00023563636363636362, 0.00023563636363636362, 0.00023563636363636362, 0.00023563636363636362, 0.00023563636363636362, 0.00023563636363636362, 0.0005707636363636364, 0.0005707636363636364, 0.0005707636363636364, 0.0005707636363636364, 0.0005707636363636364, 0.0005707636363636364, 0.0005707636363636364, 0.0005707636363636364, 0.0005707636363636364, 0.0005707636363636364, 0.0005707636363636364, 0.0005707636363636364, 0.0005707636363636364, 0.0005707636363636364, 0.0005707636363636364, 0.0005707636363636364, 0.0005707636363636364, 0.0005707636363636364, 0.0005707636363636364, 0.0005707636363636364, 0.0005707636363636364, 0.0005707636363636364, 0.0009058909090909091, 0.0009058909090909091, 0.0009058909090909091, 0.0009058909090909091, 0.0009058909090909091, 0.0009058909090909091, 0.0009058909090909091, 0.0009058909090909091, 0.0009058909090909091, 0.0009058909090909091, 0.0009058909090909091, 0.0009058909090909091, 0.0009058909090909091, 0.0009058909090909091, 0.0009058909090909091, 0.0009058909090909091, 0.0009058909090909091, 0.0012410181818181818, 0.0012410181818181818, 0.0012410181818181818, 0.0012410181818181818, 0.0012410181818181818, 0.0012410181818181818, 0.0012410181818181818, 0.0012410181818181818, 0.0012410181818181818, 0.0012410181818181818, 0.0012410181818181818, 0.0012410181818181818, 0.0012410181818181818, 0.0012410181818181818, 0.0012410181818181818, 0.0012410181818181818, 0.0012410181818181818, 0.0015761454545454546, 0.0015761454545454546, 0.0015761454545454546, 0.0015761454545454546, 0.0015761454545454546, 0.0015761454545454546, 0.0015761454545454546, 0.0015761454545454546, 0.0015761454545454546, 0.0015761454545454546, 0.0015761454545454546, 0.0015761454545454546, 0.0015761454545454546, 0.0015761454545454546, 0.0015761454545454546, 0.0015761454545454546, 0.0015761454545454546, 0.0019112727272727274, 0.0019112727272727274, 0.0019112727272727274, 0.0019112727272727274, 0.0019112727272727274, 0.0019112727272727274, 0.0019112727272727274, 0.0019112727272727274, 0.0019112727272727274, 0.0019112727272727274, 0.0019112727272727274, 0.0019112727272727274, 0.0019112727272727274, 0.0019112727272727274, 0.0019112727272727274]
Max connection times: [0.00023563636363636362, 0.00023563636363636362, 0.00023563636363636362, 0.00023563636363636362, 0.00023563636363636362, 0.00023563636363636362, 0.00023563636363636362, 0.00023563636363636362, 0.00023563636363636362, 0.00023563636363636362, 0.00023563636363636362, 0.00023563636363636362, 0.0005707636363636364, 0.0005707636363636364, 0.0005707636363636364, 0.0005707636363636364, 0.0005707636363636364, 0.0005707636363636364, 0.0005707636363636364, 0.0005707636363636364, 0.0005707636363636364, 0.0005707636363636364, 0.0005707636363636364, 0.0005707636363636364, 0.0005707636363636364, 0.0005707636363636364, 0.0005707636363636364, 0.0005707636363636364, 0.0005707636363636364, 0.0005707636363636364, 0.0005707636363636364, 0.0005707636363636364, 0.0005707636363636364, 0.0005707636363636364, 0.0009058909090909091, 0.0009058909090909091, 0.0009058909090909091, 0.0009058909090909091, 0.0009058909090909091, 0.0009058909090909091, 0.0009058909090909091, 0.0009058909090909091, 0.0009058909090909091, 0.0009058909090909091, 0.0009058909090909091, 0.0009058909090909091, 0.0009058909090909091, 0.0009058909090909091, 0.0009058909090909091, 0.0009058909090909091, 0.0009058909090909091, 0.0012410181818181818, 0.0012410181818181818, 0.0012410181818181818, 0.0012410181818181818, 0.0012410181818181818, 0.0012410181818181818, 0.0012410181818181818, 0.0012410181818181818, 0.0012410181818181818, 0.0012410181818181818, 0.0012410181818181818, 0.0012410181818181818, 0.0012410181818181818, 0.0012410181818181818, 0.0012410181818181818, 0.0012410181818181818, 0.0012410181818181818, 0.0015761454545454546, 0.0015761454545454546, 0.0015761454545454546, 0.0015761454545454546, 0.0015761454545454546, 0.0015761454545454546, 0.0015761454545454546, 0.0015761454545454546, 0.0015761454545454546, 0.0015761454545454546, 0.0015761454545454546, 0.0015761454545454546, 0.0015761454545454546, 0.0015761454545454546, 0.0015761454545454546, 0.0015761454545454546, 0.0015761454545454546, 0.0019112727272727274, 0.0019112727272727274, 0.0019112727272727274, 0.0019112727272727274, 0.0019112727272727274, 0.0019112727272727274, 0.0019112727272727274, 0.0019112727272727274, 0.0019112727272727274, 0.0019112727272727274, 0.0019112727272727274, 0.0019112727272727274, 0.0019112727272727274, 0.0019112727272727274, 0.0019112727272727274]


Mobile stations: 2
Avg max intervals taken to connect all mobile stations: 1.2 , time:  122.88
Average station time taken to connect: 14.849133777454545
Avg connection times: [0.00040320000000000004, 0.00040320000000000004, 0.00040320000000000004, 0.00040320000000000004, 0.0005707636363636363, 0.0005707636363636363, 0.0005707636363636363, 0.0005707636363636363, 0.0005707636363636363, 0.0005707636363636363, 0.0007383272727272727, 0.0007383272727272727, 0.0007383272727272727, 0.0007383272727272727, 0.0007383272727272727, 0.0007383272727272727, 0.0007383272727272728, 0.0007383272727272728, 0.0007383272727272728, 0.0007383272727272728, 0.0007383272727272728, 0.0007383272727272728, 0.0009058909090909091, 0.0009058909090909091, 0.0009058909090909091, 0.0009058909090909091, 0.0009058909090909091, 0.0009058909090909091, 0.0009058909090909091, 0.0009058909090909091, 0.0009058909090909091, 0.0009058909090909091, 0.0010734545454545454, 0.0010734545454545454, 0.0010734545454545454, 0.0010734545454545454, 0.0010734545454545454, 0.0010734545454545454, 0.0010734545454545454, 0.0010734545454545454, 0.0010734545454545454, 0.0012410181818181818, 0.0012410181818181818, 0.0012410181818181818, 0.0012410181818181818, 0.001241018181818182, 0.001241018181818182, 0.001241018181818182, 0.001241018181818182, 0.0014085818181818182, 0.0014085818181818182, 0.0014085818181818182, 0.0014085818181818182, 0.0014085818181818182, 0.0014085818181818182, 0.0014085818181818182, 0.0014085818181818182, 0.0014085818181818182, 0.0014085818181818182, 0.0014085818181818182, 0.0014085818181818182, 0.0014085818181818182, 0.0014085818181818182, 0.0014085818181818182, 0.0014085818181818182, 0.0015761454545454546, 0.0015761454545454546, 0.0015761454545454546, 0.0015761454545454546, 0.0015761454545454546, 0.0015761454545454546, 0.001743709090909091, 0.001743709090909091, 0.001743709090909091, 0.001743709090909091, 0.001743709090909091, 0.001743709090909091, 0.001743709090909091, 0.001743709090909091, 0.001743709090909091, 0.001743709090909091, 51.20057076363637, 51.20057076363637, 51.20057076363637, 51.20107345454546, 51.20107345454546, 51.201241018181825, 51.201241018181825, 51.20140858181819, 51.20157614545455, 51.20174370909091, 51.20174370909092, 102.40057076363638, 102.40073832727273, 102.4009058909091, 102.40090589090912, 102.40090589090912, 102.40157614545456, 102.40157614545456, 204.80140858181824]
Max connection times: [0.0005707636363636364, 0.0005707636363636364, 0.0005707636363636364, 0.0005707636363636364, 0.0009058909090909091, 0.0009058909090909091, 0.0009058909090909091, 0.0009058909090909091, 0.0009058909090909091, 0.0009058909090909091, 0.0009058909090909091, 0.0009058909090909091, 0.0009058909090909091, 0.0009058909090909091, 0.0009058909090909091, 0.0009058909090909091, 0.0012410181818181818, 0.0012410181818181818, 0.0012410181818181818, 0.0012410181818181818, 0.0012410181818181818, 0.0012410181818181818, 0.0012410181818181818, 0.0012410181818181818, 0.0012410181818181818, 0.0012410181818181818, 0.0012410181818181818, 0.0015761454545454546, 0.0015761454545454546, 0.0015761454545454546, 0.0015761454545454546, 0.0015761454545454546, 0.0015761454545454546, 0.0015761454545454546, 0.0015761454545454546, 0.0015761454545454546, 0.0015761454545454546, 0.0015761454545454546, 0.0015761454545454546, 0.0015761454545454546, 0.0015761454545454546, 0.0015761454545454546, 0.0015761454545454546, 0.0015761454545454546, 0.0015761454545454546, 0.0015761454545454546, 0.0015761454545454546, 0.0015761454545454546, 0.0015761454545454546, 0.0015761454545454546, 0.0019112727272727274, 0.0019112727272727274, 0.0019112727272727274, 0.0019112727272727274, 0.0019112727272727274, 0.0019112727272727274, 0.0019112727272727274, 0.0019112727272727274, 0.0019112727272727274, 0.0019112727272727274, 0.0019112727272727274, 0.0019112727272727274, 0.0019112727272727274, 0.0019112727272727274, 0.0019112727272727274, 0.0019112727272727274, 0.0019112727272727274, 0.0019112727272727274, 0.0019112727272727274, 0.0019112727272727274, 0.0019112727272727274, 0.0019112727272727274, 0.0019112727272727274, 0.0019112727272727274, 0.0019112727272727274, 0.0019112727272727274, 0.0019112727272727274, 0.0019112727272727274, 0.0019112727272727274, 0.0019112727272727274, 0.0019112727272727274, 102.40023563636365, 102.40023563636365, 102.40057076363638, 102.40057076363638, 102.4009058909091, 102.4009058909091, 102.4009058909091, 102.4009058909091, 102.40124101818184, 102.40124101818184, 102.40124101818184, 102.40124101818184, 102.40157614545456, 102.40157614545456, 102.40157614545456, 102.40191127272729, 102.40191127272729, 102.40191127272729, 204.8015761454546]


Mobile stations: 4
Avg max intervals taken to connect all mobile stations: 1.83 , time:  187.39200000000002
Average station time taken to connect: 34.049095237818165
Avg connection times: [0.0007383272727272728, 0.0008221090909090909, 0.000905890909090909, 0.0009058909090909092, 0.0009058909090909092, 0.0009058909090909092, 0.0009896727272727273, 0.0010734545454545454, 0.0010734545454545454, 0.0010734545454545454, 0.0010734545454545454, 0.0010734545454545454, 0.0010734545454545456, 0.0011572363636363637, 0.0011572363636363637, 0.0011572363636363637, 0.0011572363636363637, 0.0012410181818181818, 0.0012410181818181818, 0.0012410181818181818, 0.0012410181818181818, 0.001241018181818182, 0.0013248000000000001, 0.0013248000000000001, 25.600486981818186, 25.600570763636366, 25.60057076363637, 25.600738327272733, 25.600738327272733, 25.600822109090913, 25.600822109090913, 25.600822109090913, 25.600905890909093, 25.600905890909097, 25.600905890909097, 25.600989672727277, 25.600989672727277, 25.600989672727277, 25.600989672727277, 25.601073454545457, 25.601073454545457, 25.601073454545457, 25.601073454545457, 25.601073454545457, 25.601073454545457, 25.601073454545457, 25.60107345454546, 25.60107345454546, 25.60115723636364, 25.60115723636364, 25.60124101818182, 25.60124101818182, 25.60124101818182, 25.601241018181824, 25.601324800000004, 25.601324800000004, 25.601324800000004, 25.601324800000004, 25.601408581818184, 25.601492363636368, 25.601492363636368, 25.601492363636368, 25.60157614545455, 25.60165992727273, 51.20040320000001, 51.20048698181819, 51.20057076363637, 51.20073832727273, 51.200822109090915, 51.2009058909091, 51.20107345454546, 51.201073454545465, 51.201073454545465, 51.201073454545465, 51.20115723636364, 51.20115723636364, 51.201241018181825, 51.201241018181825, 51.20132480000001, 51.201408581818185, 51.201408581818185, 51.201408581818185, 51.201492363636376, 51.201492363636376, 51.20157614545455, 76.80082210909092, 76.80090589090909, 76.80107345454546, 76.80107345454547, 76.80115723636365, 76.80115723636365, 76.80124101818183, 76.8013248, 76.80149236363638, 102.40073832727275, 102.40082210909094, 102.40107345454547, 102.40115723636366, 102.40115723636366, 102.40149236363638]
Max connection times: [0.0012410181818181818, 0.0015761454545454546, 0.0015761454545454546, 0.0015761454545454546, 0.0015761454545454546, 0.0015761454545454546, 0.0019112727272727274, 0.0019112727272727274, 0.0019112727272727274, 0.0019112727272727274, 0.0019112727272727274, 0.0019112727272727274, 0.0019112727272727274, 0.0019112727272727274, 0.0019112727272727274, 0.0019112727272727274, 0.0019112727272727274, 0.0019112727272727274, 0.0019112727272727274, 0.0019112727272727274, 0.0019112727272727274, 0.0019112727272727274, 0.0019112727272727274, 0.0019112727272727274, 102.40023563636365, 102.40023563636365, 102.40023563636365, 102.40023563636365, 102.40023563636365, 102.40023563636365, 102.40023563636365, 102.40057076363638, 102.40057076363638, 102.40057076363638, 102.40057076363638, 102.40057076363638, 102.40057076363638, 102.40057076363638, 102.40057076363638, 102.40057076363638, 102.40057076363638, 102.40057076363638, 102.4009058909091, 102.4009058909091, 102.4009058909091, 102.4009058909091, 102.4009058909091, 102.4009058909091, 102.4009058909091, 102.40124101818184, 102.40124101818184, 102.40124101818184, 102.40124101818184, 102.40124101818184, 102.40124101818184, 102.40157614545456, 102.40157614545456, 102.40157614545456, 102.40157614545456, 102.40157614545456, 102.40157614545456, 102.40157614545456, 102.40157614545456, 102.40157614545456, 102.40157614545456, 102.40157614545456, 102.40157614545456, 102.40157614545456, 102.40157614545456, 102.40157614545456, 102.40191127272729, 102.40191127272729, 102.40191127272729, 102.40191127272729, 102.40191127272729, 102.40191127272729, 102.40191127272729, 102.40191127272729, 102.40191127272729, 102.40191127272729, 102.40191127272729, 102.40191127272729, 102.40191127272729, 102.40191127272729, 102.40191127272729, 102.40191127272729, 102.40191127272729, 102.40191127272729, 102.40191127272729, 102.40191127272729, 102.40191127272729, 102.40191127272729, 102.40191127272729, 204.80057076363641, 204.80090589090915, 204.80124101818186, 204.8015761454546, 204.8015761454546, 204.80191127272732, 204.80191127272732]


Mobile stations: 6
Avg max intervals taken to connect all mobile stations: 2.43 , time:  248.83200000000002
Average station time taken to connect: 56.4917272746667
Avg connection times: [17.067516703030304, 17.067572557575758, 17.06757255757576, 17.067628412121213, 17.067628412121213, 17.067684266666667, 17.06768426666667, 17.06768426666667, 17.06768426666667, 17.067740121212122, 17.067740121212122, 17.067740121212122, 17.067740121212122, 17.067795975757576, 17.06779597575758, 17.06785183030303, 17.06796353939394, 34.13395995151516, 34.13407166060606, 34.13418336969698, 34.13423922424243, 34.13423922424243, 34.13423922424243, 34.13423922424243, 34.13423922424243, 34.134295078787886, 34.13435093333334, 34.13435093333334, 34.13440678787879, 34.13440678787879, 34.134406787878795, 34.134406787878795, 34.134406787878795, 34.134462642424246, 34.1345184969697, 34.134574351515155, 34.134574351515155, 34.134686060606064, 34.134686060606064, 51.20079418181819, 51.20079418181819, 51.20079418181819, 51.20085003636365, 51.2009058909091, 51.2009058909091, 51.2009058909091, 51.20096174545455, 51.20096174545455, 51.20096174545455, 51.200961745454556, 51.2010176, 51.2010176, 51.20101760000001, 51.20107345454546, 51.20112930909092, 51.201185163636374, 51.201241018181825, 51.201241018181825, 51.201241018181825, 51.201296872727276, 51.201296872727276, 51.201352727272734, 51.20140858181819, 68.26740499393941, 68.26751670303031, 68.26757255757578, 68.26762841212123, 68.26762841212123, 68.26774012121213, 68.2677959757576, 68.2677959757576, 68.26796353939396, 68.26796353939396, 68.26801939393941, 68.26801939393941, 68.26813110303031, 85.33401580606062, 85.33412751515154, 85.33418336969699, 85.33423922424244, 85.33423922424244, 85.33440678787879, 85.33446264242427, 85.3345184969697, 85.33457435151517, 85.33474191515154, 85.33490947878789, 102.4007941818182, 102.4010176, 102.40107345454545, 102.40112930909093, 102.40124101818185, 102.40157614545457, 119.46790768484851, 136.53412751515154, 136.534183369697, 136.5342950787879, 136.53440678787882, 136.5345184969697, 136.53457435151518]
Max connection times: [102.40023563636365, 102.40023563636365, 102.40057076363638, 102.40057076363638, 102.40057076363638, 102.40057076363638, 102.40057076363638, 102.40057076363638, 102.40057076363638, 102.40057076363638, 102.40057076363638, 102.40057076363638, 102.4009058909091, 102.4009058909091, 102.4009058909091, 102.4009058909091, 102.4009058909091, 102.4009058909091, 102.40124101818184, 102.40124101818184, 102.40124101818184, 102.40124101818184, 102.40124101818184, 102.40124101818184, 102.40124101818184, 102.40124101818184, 102.40124101818184, 102.40124101818184, 102.40124101818184, 102.40157614545456, 102.40157614545456, 102.40157614545456, 102.40157614545456, 102.40157614545456, 102.40157614545456, 102.40157614545456, 102.40157614545456, 102.40157614545456, 102.40157614545456, 102.40157614545456, 102.40157614545456, 102.40157614545456, 102.40157614545456, 102.40157614545456, 102.40157614545456, 102.40157614545456, 102.40157614545456, 102.40157614545456, 102.40191127272729, 102.40191127272729, 102.40191127272729, 102.40191127272729, 102.40191127272729, 102.40191127272729, 102.40191127272729, 102.40191127272729, 102.40191127272729, 102.40191127272729, 102.40191127272729, 102.40191127272729, 102.40191127272729, 102.40191127272729, 102.40191127272729, 102.40191127272729, 204.80023563636368, 204.80023563636368, 204.80023563636368, 204.80057076363641, 204.80057076363641, 204.80090589090915, 204.80090589090915, 204.80090589090915, 204.80090589090915, 204.80090589090915, 204.80090589090915, 204.80124101818186, 204.80124101818186, 204.80124101818186, 204.80124101818186, 204.80124101818186, 204.80124101818186, 204.80124101818186, 204.8015761454546, 204.8015761454546, 204.8015761454546, 204.8015761454546, 204.80191127272732, 204.80191127272732, 204.80191127272732, 204.80191127272732, 204.80191127272732, 204.80191127272732, 204.80191127272732, 204.80191127272732, 307.20090589090916, 307.20124101818186, 307.2015761454546, 307.2015761454546, 307.20191127272733, 409.6015761454546]


Mobile stations: 10
Avg max intervals taken to connect all mobile stations: 3.45 , time:  353.28000000000003
Average station time taken to connect: 107.3162714437818
Avg connection times: [40.961140480000005, 40.961140480000005, 40.961140480000005, 51.20093940363637, 51.20103994181818, 51.201039941818195, 51.20110696727274, 61.44097291636365, 61.44100642909092, 61.44103994181819, 61.44107345454546, 61.441073454545474, 61.44110696727273, 61.441173992727286, 71.68083886545456, 71.68093940363639, 71.68107345454547, 71.68107345454547, 71.68107345454547, 71.68110696727274, 71.68117399272728, 71.68120750545457, 71.68124101818182, 71.68130804363639, 81.92083886545456, 81.92087237818183, 81.92103994181818, 81.9210399418182, 81.9210399418182, 81.9210399418182, 81.9210399418182, 81.9210399418182, 81.92103994181821, 81.92107345454546, 81.92110696727272, 81.92110696727273, 81.92110696727275, 81.92114048, 81.92114048000002, 81.92124101818183, 81.92127453090912, 92.16077184000002, 92.16083886545456, 92.16093940363638, 92.16097291636365, 92.16097291636365, 92.16100642909092, 92.16110696727274, 92.16114048000003, 92.16117399272729, 92.16124101818183, 92.16124101818184, 102.40093940363639, 102.40093940363639, 102.4010399418182, 102.40107345454547, 102.40114048000001, 102.40117399272728, 102.40117399272728, 102.40120750545456, 112.64083886545457, 112.64093940363637, 112.6409394036364, 112.64100642909094, 112.64100642909094, 112.64103994181819, 112.64103994181819, 112.64107345454548, 112.64130804363637, 122.8808053527273, 122.88090589090912, 122.88100642909095, 122.8810399418182, 122.88103994181822, 122.88107345454549, 122.88107345454549, 122.88110696727274, 122.88124101818184, 133.12083886545457, 133.1210399418182, 133.12124101818182, 143.3609394036364, 143.36110696727275, 143.3611739927273, 143.36134155636367, 153.60100642909092, 153.60103994181821, 153.60134155636368, 163.84083886545457, 163.84100642909092, 163.84114048000006, 163.84127453090912, 174.08097291636363, 174.08134155636367, 184.32124101818184, 204.80110696727274, 235.52097291636363, 256.0010399418182, 276.48120750545456, 317.44114048]
Max connection times: [102.40157614545456, 102.40191127272729, 102.40191127272729, 102.40191127272729, 204.80023563636368, 204.80023563636368, 204.80023563636368, 204.80057076363641, 204.80057076363641, 204.80090589090915, 204.80090589090915, 204.80090589090915, 204.80090589090915, 204.80090589090915, 204.80124101818186, 204.80124101818186, 204.80124101818186, 204.80124101818186, 204.80124101818186, 204.80124101818186, 204.80124101818186, 204.80124101818186, 204.8015761454546, 204.8015761454546, 204.8015761454546, 204.8015761454546, 204.8015761454546, 204.8015761454546, 204.8015761454546, 204.8015761454546, 204.8015761454546, 204.8015761454546, 204.8015761454546, 204.8015761454546, 204.8015761454546, 204.8015761454546, 204.8015761454546, 204.8015761454546, 204.8015761454546, 204.8015761454546, 204.8015761454546, 204.8015761454546, 204.80191127272732, 204.80191127272732, 204.80191127272732, 204.80191127272732, 204.80191127272732, 204.80191127272732, 204.80191127272732, 204.80191127272732, 204.80191127272732, 204.80191127272732, 204.80191127272732, 204.80191127272732, 204.80191127272732, 204.80191127272732, 204.80191127272732, 204.80191127272732, 204.80191127272732, 204.80191127272732, 204.80191127272732, 204.80191127272732, 204.80191127272732, 307.2002356363637, 307.2002356363637, 307.2005707636364, 307.2005707636364, 307.2005707636364, 307.20090589090916, 307.20090589090916, 307.20090589090916, 307.20090589090916, 307.20124101818186, 307.20124101818186, 307.20124101818186, 307.20124101818186, 307.20124101818186, 307.2015761454546, 307.2015761454546, 307.2015761454546, 307.2015761454546, 307.2015761454546, 307.2015761454546, 307.20191127272733, 307.20191127272733, 307.20191127272733, 307.20191127272733, 307.20191127272733, 307.20191127272733, 409.60057076363637, 409.60090589090913, 409.60090589090913, 409.60090589090913, 409.60124101818184, 409.6015761454546, 409.6015761454546, 409.6015761454546, 409.6019112727273, 409.6019112727273, 512.0019112727272]


Mobile stations: 14
Avg max intervals taken to connect all mobile stations: 4.67 , time:  478.208
Average station time taken to connect: 165.59649245090912
Avg connection times: [80.45828812467535, 95.08678774025975, 102.40090589090912, 102.40095376623378, 102.40100164155847, 102.40107345454547, 102.40112132987015, 102.40114526753248, 109.71526341818183, 109.71538310649352, 109.71543098181819, 109.71543098181822, 109.71547885714288, 109.71547885714288, 124.34378697142859, 124.34383484675327, 124.3438587844156, 124.34390665974028, 124.34400241038963, 131.65807268571433, 131.65807268571433, 131.65814449870132, 131.65816843636364, 131.658192374026, 131.65821631168834, 131.65824024935065, 131.658264187013, 131.65831206233767, 131.65835993766237, 131.6583838753247, 131.65840781298704, 138.9723344623377, 138.9724062753247, 138.97245415064938, 138.9724780883117, 138.97250202597402, 138.97250202597405, 138.97257383896107, 138.97274140259742, 146.28657230129872, 146.28664411428574, 146.28664411428574, 146.28666805194806, 146.28673986493507, 146.2867638025974, 146.28678774025977, 146.2869313662338, 146.28705105454546, 153.60083407792212, 153.60092982857145, 153.60097770389612, 153.6010255792208, 153.60107345454546, 153.60107345454549, 153.60112132987015, 160.9154309818182, 160.91543098181822, 160.91543098181822, 160.91545491948054, 160.91557460779222, 168.22962094545457, 168.22962094545457, 175.54376303376625, 175.54402634805203, 182.85804874805197, 182.8580726857143, 182.8582402493507, 182.85831206233766, 182.8583838753247, 182.85850356363636, 190.17259777662338, 190.17271746493512, 197.4866919896104, 197.4867398649351, 197.4868834909091, 204.8009537662338, 204.80097770389617, 204.80104951688313, 204.8011213298701, 204.8012170805195, 212.11538310649354, 219.42950125714287, 219.42954913246754, 219.42954913246754, 219.42957307012986, 219.42966882077923, 219.42974063376624, 226.7437869714286, 226.74395453506492, 234.05812056103898, 234.05845568831177, 241.3724062753247, 248.68642867532466, 248.68662017662342, 248.6868116779221, 256.0009537662337, 270.62964488311684, 277.94390665974026, 285.2580966233766, 292.572430212987]
Max connection times: [204.8015761454546, 204.8015761454546, 204.80191127272732, 204.80191127272732, 307.2002356363637, 307.20090589090916, 307.20090589090916, 307.20090589090916, 307.20090589090916, 307.20090589090916, 307.20090589090916, 307.20090589090916, 307.20124101818186, 307.20124101818186, 307.20124101818186, 307.20124101818186, 307.20124101818186, 307.20124101818186, 307.20124101818186, 307.20124101818186, 307.20124101818186, 307.20124101818186, 307.20124101818186, 307.20124101818186, 307.20124101818186, 307.20124101818186, 307.2015761454546, 307.2015761454546, 307.2015761454546, 307.2015761454546, 307.2015761454546, 307.2015761454546, 307.2015761454546, 307.2015761454546, 307.2015761454546, 307.2015761454546, 307.2015761454546, 307.2015761454546, 307.20191127272733, 307.20191127272733, 307.20191127272733, 307.20191127272733, 307.20191127272733, 307.20191127272733, 307.20191127272733, 307.20191127272733, 307.20191127272733, 307.20191127272733, 307.20191127272733, 307.20191127272733, 409.60023563636366, 409.60057076363637, 409.60057076363637, 409.60090589090913, 409.60090589090913, 409.60090589090913, 409.60124101818184, 409.60124101818184, 409.60124101818184, 409.60124101818184, 409.60124101818184, 409.6015761454546, 409.6015761454546, 409.6015761454546, 409.6015761454546, 409.6015761454546, 409.6015761454546, 409.6015761454546, 409.6019112727273, 409.6019112727273, 409.6019112727273, 409.6019112727273, 409.6019112727273, 409.6019112727273, 409.6019112727273, 409.6019112727273, 409.6019112727273, 409.6019112727273, 409.6019112727273, 409.6019112727273, 409.6019112727273, 409.6019112727273, 512.0002356363635, 512.0005707636362, 512.0005707636362, 512.0005707636362, 512.0005707636362, 512.0005707636362, 512.0012410181818, 512.0012410181818, 512.0012410181818, 512.0012410181818, 512.0015761454545, 512.0015761454545, 512.0015761454545, 512.0019112727272, 512.0019112727272, 614.4015761454544, 614.4015761454544, 614.4019112727271]


Mobile stations: 18
Avg max intervals taken to connect all mobile stations: 6.26 , time:  641.024
Average station time taken to connect: 256.0579703492525
Avg connection times: [164.97866505050507, 170.66768426666667, 170.66777735757577, 170.6677773575758, 176.3564800646465, 176.35653591919197, 176.35657315555557, 176.35662901010107, 176.35664762828284, 176.35668486464647, 182.04564822626264, 182.04564822626264, 187.73435093333333, 187.7343695515152, 187.73436955151521, 187.7345557333334, 193.4231839676768, 193.4232025858586, 193.42327705858585, 193.4232956767677, 199.11205423838388, 199.1120914747475, 199.1122218020203, 199.11225903838385, 204.80092450909095, 204.80094312727275, 204.80096174545457, 204.80101760000002, 204.80107345454545, 210.48992510707072, 210.48996234343434, 210.48996234343437, 210.49003681616165, 210.49005543434345, 216.1788139959596, 216.17894432323234, 216.17896294141417, 216.17903741414145, 216.17907465050507, 221.86774012121214, 221.86775873939393, 221.86787044848484, 227.55655453737376, 227.55657315555558, 227.55668486464648, 233.24542480808088, 233.24574131717176, 238.93436955151512, 238.93457435151515, 244.62320258585862, 244.62335153131315, 250.3122031838384, 256.0011106909091, 256.0011293090909, 256.0011293090909, 256.00122239999996, 261.6898320161616, 261.6898692525253, 261.6898878707071, 261.6900554343435, 267.3788326141414, 267.37885123232326, 267.3789070868687, 267.3789257050505, 273.06774012121207, 273.0677959757576, 273.0679076848485, 278.7566848646465, 284.4453875717171, 284.4455737535353, 284.445610989899, 295.8231467313131, 295.8234073858586, 295.8235004767677, 301.51224042020203, 307.2009803636364, 307.20111069090905, 312.89003681616157, 312.890092670707, 318.5787953777778, 318.57885123232325, 318.57898155959606, 324.2676284121212, 329.9567221010101, 329.9567407191919, 335.6455178989898, 335.64555513535356, 335.64566684444446, 341.3344254060606, 341.3345371151515, 347.02297916767674, 347.0232212040403, 347.0233515313131, 352.7123335111111, 364.0898320161616, 369.7788139959595, 398.2234073858586, 420.97872090505047, 420.97872090505047, 477.867535321212]
Max connection times: [307.20191127272733, 409.60023563636366, 409.60023563636366, 409.60057076363637, 409.60057076363637, 409.60057076363637, 409.60057076363637, 409.60090589090913, 409.60090589090913, 409.60090589090913, 409.60124101818184, 409.60124101818184, 409.60124101818184, 409.6015761454546, 409.6015761454546, 409.6015761454546, 409.6015761454546, 409.6019112727273, 409.6019112727273, 409.6019112727273, 409.6019112727273, 409.6019112727273, 409.6019112727273, 409.6019112727273, 409.6019112727273, 409.6019112727273, 409.6019112727273, 512.0002356363635, 512.0002356363635, 512.0002356363635, 512.0002356363635, 512.0005707636362, 512.0005707636362, 512.0005707636362, 512.0005707636362, 512.0005707636362, 512.0009058909089, 512.0009058909089, 512.0009058909089, 512.0009058909089, 512.0012410181818, 512.0012410181818, 512.0012410181818, 512.0015761454545, 512.0015761454545, 512.0015761454545, 512.0015761454545, 512.0015761454545, 512.0015761454545, 512.0019112727272, 512.0019112727272, 512.0019112727272, 512.0019112727272, 512.0019112727272, 512.0019112727272, 512.0019112727272, 512.0019112727272, 512.0019112727272, 512.0019112727272, 512.0019112727272, 512.0019112727272, 512.0019112727272, 614.4005707636362, 614.4009058909089, 614.4012410181817, 614.4012410181817, 614.4012410181817, 614.4012410181817, 614.4012410181817, 614.4012410181817, 614.4012410181817, 614.4012410181817, 614.4012410181817, 614.4012410181817, 614.4015761454544, 614.4015761454544, 614.4015761454544, 614.4015761454544, 614.4015761454544, 614.4019112727271, 614.4019112727271, 614.4019112727271, 614.4019112727271, 614.4019112727271, 614.4019112727271, 614.4019112727271, 614.4019112727271, 716.8002356363635, 716.8005707636362, 716.8009058909089, 716.8012410181817, 716.8015761454544, 716.8015761454544, 716.8015761454544, 716.8015761454544, 716.8019112727271, 716.8019112727271, 819.2002356363635, 819.2009058909089, 819.2015761454544]