AP position [0, -1.29, 0.0]
AP sectors 12
Mob sectors: 4
Sls slots: 6


Mobile stations: 1
Avg max intervals taken to connect all mobile stations: 1.0 , time:  102.4
Average station time taken to connect: 0.001103616
Avg connection times: [0.00023563636363636362, 0.00023563636363636362, 0.00023563636363636362, 0.00023563636363636362, 0.00023563636363636362, 0.00023563636363636362, 0.00023563636363636362, 0.00023563636363636362, 0.00023563636363636362, 0.00023563636363636362, 0.00023563636363636362, 0.00023563636363636362, 0.00023563636363636362, 0.0005707636363636364, 0.0005707636363636364, 0.0005707636363636364, 0.0005707636363636364, 0.0005707636363636364, 0.0005707636363636364, 0.0005707636363636364, 0.0005707636363636364, 0.0005707636363636364, 0.0005707636363636364, 0.0005707636363636364, 0.0005707636363636364, 0.0005707636363636364, 0.0005707636363636364, 0.0009058909090909091, 0.0009058909090909091, 0.0009058909090909091, 0.0009058909090909091, 0.0009058909090909091, 0.0009058909090909091, 0.0009058909090909091, 0.0009058909090909091, 0.0009058909090909091, 0.0009058909090909091, 0.0009058909090909091, 0.0009058909090909091, 0.0009058909090909091, 0.0009058909090909091, 0.0009058909090909091, 0.0009058909090909091, 0.0009058909090909091, 0.0009058909090909091, 0.0009058909090909091, 0.0009058909090909091, 0.0009058909090909091, 0.0009058909090909091, 0.0009058909090909091, 0.0009058909090909091, 0.0009058909090909091, 0.0012410181818181818, 0.0012410181818181818, 0.0012410181818181818, 0.0012410181818181818, 0.0012410181818181818, 0.0012410181818181818, 0.0012410181818181818, 0.0012410181818181818, 0.0012410181818181818, 0.0012410181818181818, 0.0012410181818181818, 0.0012410181818181818, 0.0012410181818181818, 0.0015761454545454546, 0.0015761454545454546, 0.0015761454545454546, 0.0015761454545454546, 0.0015761454545454546, 0.0015761454545454546, 0.0015761454545454546, 0.0015761454545454546, 0.0015761454545454546, 0.0015761454545454546, 0.0015761454545454546, 0.0015761454545454546, 0.0015761454545454546, 0.0015761454545454546, 0.0015761454545454546, 0.0015761454545454546, 0.0015761454545454546, 0.0015761454545454546, 0.0015761454545454546, 0.0019112727272727274, 0.0019112727272727274, 0.0019112727272727274, 0.0019112727272727274, 0.0019112727272727274, 0.0019112727272727274, 0.0019112727272727274, 0.0019112727272727274, 0.0019112727272727274, 0.0019112727272727274, 0.0019112727272727274, 0.0019112727272727274, 0.0019112727272727274, 0.0019112727272727274, 0.0019112727272727274, 0.0019112727272727274]
Max connection times: [0.00023563636363636362, 0.00023563636363636362, 0.00023563636363636362, 0.00023563636363636362, 0.00023563636363636362, 0.00023563636363636362, 0.00023563636363636362, 0.00023563636363636362, 0.00023563636363636362, 0.00023563636363636362, 0.00023563636363636362, 0.00023563636363636362, 0.00023563636363636362, 0.0005707636363636364, 0.0005707636363636364, 0.0005707636363636364, 0.0005707636363636364, 0.0005707636363636364, 0.0005707636363636364, 0.0005707636363636364, 0.0005707636363636364, 0.0005707636363636364, 0.0005707636363636364, 0.0005707636363636364, 0.0005707636363636364, 0.0005707636363636364, 0.0005707636363636364, 0.0009058909090909091, 0.0009058909090909091, 0.0009058909090909091, 0.0009058909090909091, 0.0009058909090909091, 0.0009058909090909091, 0.0009058909090909091, 0.0009058909090909091, 0.0009058909090909091, 0.0009058909090909091, 0.0009058909090909091, 0.0009058909090909091, 0.0009058909090909091, 0.0009058909090909091, 0.0009058909090909091, 0.0009058909090909091, 0.0009058909090909091, 0.0009058909090909091, 0.0009058909090909091, 0.0009058909090909091, 0.0009058909090909091, 0.0009058909090909091, 0.0009058909090909091, 0.0009058909090909091, 0.0009058909090909091, 0.0012410181818181818, 0.0012410181818181818, 0.0012410181818181818, 0.0012410181818181818, 0.0012410181818181818, 0.0012410181818181818, 0.0012410181818181818, 0.0012410181818181818, 0.0012410181818181818, 0.0012410181818181818, 0.0012410181818181818, 0.0012410181818181818, 0.0012410181818181818, 0.0015761454545454546, 0.0015761454545454546, 0.0015761454545454546, 0.0015761454545454546, 0.0015761454545454546, 0.0015761454545454546, 0.0015761454545454546, 0.0015761454545454546, 0.0015761454545454546, 0.0015761454545454546, 0.0015761454545454546, 0.0015761454545454546, 0.0015761454545454546, 0.0015761454545454546, 0.0015761454545454546, 0.0015761454545454546, 0.0015761454545454546, 0.0015761454545454546, 0.0015761454545454546, 0.0019112727272727274, 0.0019112727272727274, 0.0019112727272727274, 0.0019112727272727274, 0.0019112727272727274, 0.0019112727272727274, 0.0019112727272727274, 0.0019112727272727274, 0.0019112727272727274, 0.0019112727272727274, 0.0019112727272727274, 0.0019112727272727274, 0.0019112727272727274, 0.0019112727272727274, 0.0019112727272727274, 0.0019112727272727274]


Mobile stations: 2
Avg max intervals taken to connect all mobile stations: 1.12 , time:  114.68800000000002
Average station time taken to connect: 9.729036590545462
Avg connection times: [0.00040320000000000004, 0.00040320000000000004, 0.00040320000000000004, 0.00040320000000000004, 0.00040320000000000004, 0.00040320000000000004, 0.00040320000000000004, 0.00040320000000000004, 0.00040320000000000004, 0.0005707636363636363, 0.0005707636363636363, 0.0005707636363636363, 0.0005707636363636363, 0.0007383272727272727, 0.0007383272727272727, 0.0007383272727272727, 0.0007383272727272727, 0.0007383272727272727, 0.0007383272727272727, 0.0007383272727272727, 0.0007383272727272727, 0.0007383272727272727, 0.0007383272727272728, 0.0007383272727272728, 0.0007383272727272728, 0.0007383272727272728, 0.0007383272727272728, 0.0009058909090909091, 0.0009058909090909091, 0.0009058909090909091, 0.0009058909090909091, 0.0009058909090909091, 0.0009058909090909091, 0.0009058909090909091, 0.0009058909090909091, 0.0009058909090909091, 0.0009058909090909091, 0.0009058909090909091, 0.0009058909090909091, 0.0010734545454545454, 0.0010734545454545454, 0.0010734545454545454, 0.0010734545454545454, 0.0010734545454545454, 0.0010734545454545454, 0.0010734545454545454, 0.0010734545454545454, 0.0010734545454545454, 0.0010734545454545454, 0.0010734545454545454, 0.0010734545454545454, 0.0010734545454545454, 0.0010734545454545454, 0.0012410181818181818, 0.0012410181818181818, 0.0012410181818181818, 0.0012410181818181818, 0.0012410181818181818, 0.001241018181818182, 0.001241018181818182, 0.001241018181818182, 0.001241018181818182, 0.001241018181818182, 0.001241018181818182, 0.001241018181818182, 0.001241018181818182, 0.001241018181818182, 0.001241018181818182, 0.001241018181818182, 0.001241018181818182, 0.0014085818181818182, 0.0014085818181818182, 0.0014085818181818182, 0.0014085818181818182, 0.0014085818181818182, 0.0014085818181818182, 0.0014085818181818182, 0.0014085818181818182, 0.0014085818181818182, 0.0014085818181818182, 0.0014085818181818182, 0.0015761454545454546, 0.0015761454545454546, 0.0015761454545454546, 0.0015761454545454546, 0.001743709090909091, 0.001743709090909091, 0.001743709090909091, 0.001743709090909091, 51.20057076363637, 51.20073832727273, 51.20073832727274, 51.20073832727274, 51.20157614545455, 102.40107345454547, 102.40124101818184, 102.4014085818182, 102.4014085818182, 102.4014085818182, 204.80073832727277]
Max connection times: [0.0005707636363636364, 0.0005707636363636364, 0.0005707636363636364, 0.0005707636363636364, 0.0005707636363636364, 0.0005707636363636364, 0.0005707636363636364, 0.0005707636363636364, 0.0005707636363636364, 0.0009058909090909091, 0.0009058909090909091, 0.0009058909090909091, 0.0009058909090909091, 0.0009058909090909091, 0.0009058909090909091, 0.0009058909090909091, 0.0009058909090909091, 0.0009058909090909091, 0.0012410181818181818, 0.0012410181818181818, 0.0012410181818181818, 0.0012410181818181818, 0.0012410181818181818, 0.0012410181818181818, 0.0012410181818181818, 0.0012410181818181818, 0.0012410181818181818, 0.0012410181818181818, 0.0012410181818181818, 0.0012410181818181818, 0.0012410181818181818, 0.0012410181818181818, 0.0012410181818181818, 0.0012410181818181818, 0.0012410181818181818, 0.0012410181818181818, 0.0015761454545454546, 0.0015761454545454546, 0.0015761454545454546, 0.0015761454545454546, 0.0015761454545454546, 0.0015761454545454546, 0.0015761454545454546, 0.0015761454545454546, 0.0015761454545454546, 0.0015761454545454546, 0.0015761454545454546, 0.0015761454545454546, 0.0015761454545454546, 0.0015761454545454546, 0.0015761454545454546, 0.0015761454545454546, 0.0015761454545454546, 0.0015761454545454546, 0.0015761454545454546, 0.0015761454545454546, 0.0015761454545454546, 0.0015761454545454546, 0.0015761454545454546, 0.0015761454545454546, 0.0015761454545454546, 0.0019112727272727274, 0.0019112727272727274, 0.0019112727272727274, 0.0019112727272727274, 0.0019112727272727274, 0.0019112727272727274, 0.0019112727272727274, 0.0019112727272727274, 0.0019112727272727274, 0.0019112727272727274, 0.0019112727272727274, 0.0019112727272727274, 0.0019112727272727274, 0.0019112727272727274, 0.0019112727272727274, 0.0019112727272727274, 0.0019112727272727274, 0.0019112727272727274, 0.0019112727272727274, 0.0019112727272727274, 0.0019112727272727274, 0.0019112727272727274, 0.0019112727272727274, 0.0019112727272727274, 0.0019112727272727274, 0.0019112727272727274, 0.0019112727272727274, 0.0019112727272727274, 102.40057076363638, 102.4009058909091, 102.40124101818184, 102.40124101818184, 102.40124101818184, 102.40157614545456, 102.40157614545456, 102.40191127272729, 102.40191127272729, 102.40191127272729, 204.80124101818186]


Mobile stations: 4
Avg max intervals taken to connect all mobile stations: 1.77 , time:  181.24800000000002
Average station time taken to connect: 31.745094400000006
Avg connection times: [0.0007383272727272728, 0.0007383272727272728, 0.0007383272727272728, 0.0008221090909090909, 0.0008221090909090909, 0.000905890909090909, 0.000905890909090909, 0.000905890909090909, 0.0009058909090909092, 0.0009896727272727273, 0.0009896727272727273, 0.0010734545454545454, 0.0010734545454545454, 0.0010734545454545454, 0.0010734545454545454, 0.0010734545454545454, 0.0010734545454545456, 0.0010734545454545456, 0.0011572363636363637, 0.0011572363636363637, 0.0011572363636363637, 0.0011572363636363637, 0.0012410181818181818, 0.0013248000000000001, 0.0013248000000000001, 0.0013248000000000001, 0.0014085818181818182, 0.0014085818181818182, 25.600486981818186, 25.60065454545455, 25.60065454545455, 25.60073832727273, 25.600822109090913, 25.600905890909093, 25.600905890909093, 25.600905890909097, 25.600989672727277, 25.600989672727277, 25.600989672727277, 25.600989672727277, 25.600989672727277, 25.600989672727277, 25.601073454545457, 25.601073454545457, 25.60107345454546, 25.60107345454546, 25.60107345454546, 25.60115723636364, 25.60115723636364, 25.60115723636364, 25.60115723636364, 25.60115723636364, 25.60115723636364, 25.601241018181824, 25.601241018181824, 25.601324800000004, 25.601324800000004, 25.601324800000004, 25.601408581818184, 25.601408581818188, 25.601408581818188, 25.601408581818188, 25.601408581818188, 25.601492363636368, 25.601492363636368, 25.60157614545455, 51.200654545454555, 51.20073832727273, 51.20073832727273, 51.200822109090915, 51.200822109090915, 51.20082210909092, 51.2009058909091, 51.200989672727275, 51.200989672727275, 51.20107345454546, 51.201073454545465, 51.201073454545465, 51.201073454545465, 51.20115723636364, 51.20115723636364, 51.201241018181825, 51.20132480000001, 51.20132480000001, 51.20132480000001, 51.201408581818185, 51.201408581818185, 51.20149236363637, 51.20174370909092, 76.80065454545456, 76.80107345454546, 76.80107345454546, 76.80107345454546, 76.80140858181818, 76.8014085818182, 102.40090589090912, 102.40090589090912, 102.40107345454547, 102.40124101818185, 153.60124101818187]
Max connection times: [0.0012410181818181818, 0.0012410181818181818, 0.0012410181818181818, 0.0015761454545454546, 0.0015761454545454546, 0.0015761454545454546, 0.0015761454545454546, 0.0015761454545454546, 0.0015761454545454546, 0.0015761454545454546, 0.0015761454545454546, 0.0015761454545454546, 0.0015761454545454546, 0.0015761454545454546, 0.0019112727272727274, 0.0019112727272727274, 0.0019112727272727274, 0.0019112727272727274, 0.0019112727272727274, 0.0019112727272727274, 0.0019112727272727274, 0.0019112727272727274, 0.0019112727272727274, 0.0019112727272727274, 0.0019112727272727274, 0.0019112727272727274, 0.0019112727272727274, 0.0019112727272727274, 102.40023563636365, 102.40023563636365, 102.40023563636365, 102.40023563636365, 102.40023563636365, 102.40057076363638, 102.40057076363638, 102.40057076363638, 102.40057076363638, 102.4009058909091, 102.4009058909091, 102.4009058909091, 102.4009058909091, 102.4009058909091, 102.4009058909091, 102.4009058909091, 102.4009058909091, 102.40124101818184, 102.40124101818184, 102.40124101818184, 102.40124101818184, 102.40124101818184, 102.40124101818184, 102.40124101818184, 102.40124101818184, 102.40124101818184, 102.40124101818184, 102.40124101818184, 102.40124101818184, 102.40124101818184, 102.40124101818184, 102.40124101818184, 102.40124101818184, 102.40124101818184, 102.40124101818184, 102.40157614545456, 102.40157614545456, 102.40157614545456, 102.40157614545456, 102.40157614545456, 102.40157614545456, 102.40157614545456, 102.40157614545456, 102.40157614545456, 102.40157614545456, 102.40157614545456, 102.40157614545456, 102.40157614545456, 102.40157614545456, 102.40157614545456, 102.40191127272729, 102.40191127272729, 102.40191127272729, 102.40191127272729, 102.40191127272729, 102.40191127272729, 102.40191127272729, 102.40191127272729, 102.40191127272729, 102.40191127272729, 102.40191127272729, 102.40191127272729, 102.40191127272729, 102.40191127272729, 102.40191127272729, 102.40191127272729, 102.40191127272729, 204.80057076363641, 204.8015761454546, 204.80191127272732, 204.80191127272732, 204.80191127272732]


Mobile stations: 6
Avg max intervals taken to connect all mobile stations: 2.43 , time:  248.83200000000002
Average station time taken to connect: 58.02774626521215
Avg connection times: [0.0010734545454545456, 17.067572557575758, 17.06757255757576, 17.067684266666667, 17.067684266666667, 17.067740121212122, 17.067740121212122, 17.067740121212122, 17.067740121212122, 17.067795975757576, 17.067795975757576, 17.06779597575758, 17.06785183030303, 17.06796353939394, 17.068019393939398, 34.13407166060606, 34.13412751515152, 34.13423922424243, 34.13423922424243, 34.13429507878788, 34.134295078787886, 34.13435093333334, 34.13435093333334, 34.13435093333334, 34.13435093333334, 34.13435093333334, 34.134406787878795, 34.134406787878795, 34.134406787878795, 34.134406787878795, 34.134406787878795, 34.134406787878795, 34.134462642424246, 34.134462642424246, 34.1345184969697, 34.1345184969697, 34.1345184969697, 34.1345184969697, 34.134574351515155, 34.134574351515155, 34.13463020606061, 34.134686060606064, 34.134686060606064, 34.13474191515152, 51.200794181818196, 51.20085003636365, 51.20085003636365, 51.2009058909091, 51.2009058909091, 51.2009058909091, 51.20096174545455, 51.2010176, 51.20107345454546, 51.20112930909092, 51.201185163636374, 51.201241018181825, 51.201241018181825, 51.201296872727276, 51.201352727272734, 51.201352727272734, 51.20140858181819, 68.26740499393941, 68.26746084848486, 68.26757255757576, 68.26757255757578, 68.26762841212123, 68.26762841212123, 68.26762841212123, 68.26762841212123, 68.26768426666668, 68.26779597575758, 68.26785183030303, 68.2679076848485, 68.26818695757578, 85.33418336969699, 85.33418336969699, 85.33418336969699, 85.33429507878789, 85.33440678787882, 85.33446264242427, 85.33463020606062, 85.33468606060609, 102.4007941818182, 102.4009058909091, 102.4009058909091, 102.40096174545455, 102.40101760000003, 102.40118516363638, 102.40118516363638, 102.40135272727275, 102.40135272727275, 119.46751670303031, 119.4676842666667, 119.4676842666667, 119.46785183030306, 136.5339599515152, 136.53451849696972, 136.53463020606063, 136.53474191515156, 187.73479776969702]
Max connection times: [0.0019112727272727274, 102.40023563636365, 102.40023563636365, 102.40057076363638, 102.40057076363638, 102.40057076363638, 102.40057076363638, 102.40057076363638, 102.40057076363638, 102.4009058909091, 102.4009058909091, 102.4009058909091, 102.4009058909091, 102.4009058909091, 102.4009058909091, 102.4009058909091, 102.40124101818184, 102.40124101818184, 102.40124101818184, 102.40124101818184, 102.40124101818184, 102.40124101818184, 102.40124101818184, 102.40124101818184, 102.40124101818184, 102.40157614545456, 102.40157614545456, 102.40157614545456, 102.40157614545456, 102.40157614545456, 102.40157614545456, 102.40157614545456, 102.40157614545456, 102.40157614545456, 102.40157614545456, 102.40157614545456, 102.40157614545456, 102.40157614545456, 102.40191127272729, 102.40191127272729, 102.40191127272729, 102.40191127272729, 102.40191127272729, 102.40191127272729, 102.40191127272729, 102.40191127272729, 102.40191127272729, 102.40191127272729, 102.40191127272729, 102.40191127272729, 102.40191127272729, 102.40191127272729, 102.40191127272729, 102.40191127272729, 102.40191127272729, 102.40191127272729, 102.40191127272729, 102.40191127272729, 102.40191127272729, 102.40191127272729, 102.40191127272729, 102.40191127272729, 204.80023563636368, 204.80023563636368, 204.80023563636368, 204.80057076363641, 204.80057076363641, 204.80057076363641, 204.80057076363641, 204.80057076363641, 204.80090589090915, 204.80090589090915, 204.80090589090915, 204.80090589090915, 204.80090589090915, 204.80124101818186, 204.80124101818186, 204.80124101818186, 204.80124101818186, 204.80124101818186, 204.80124101818186, 204.8015761454546, 204.8015761454546, 204.80191127272732, 204.80191127272732, 204.80191127272732, 204.80191127272732, 204.80191127272732, 204.80191127272732, 204.80191127272732, 204.80191127272732, 204.80191127272732, 204.80191127272732, 204.80191127272732, 307.2005707636364, 307.20090589090916, 307.20191127272733, 307.20191127272733, 307.20191127272733, 307.20191127272733]


Mobile stations: 10
Avg max intervals taken to connect all mobile stations: 3.41 , time:  349.184
Average station time taken to connect: 106.90667580043637
Avg connection times: [40.961006429090915, 40.961106967272734, 40.961173992727275, 51.201039941818195, 51.20117399272728, 61.44080535272728, 61.44090589090911, 61.44090589090911, 61.44100642909093, 61.441073454545474, 61.44110696727273, 61.44110696727273, 61.44117399272729, 71.68077184000002, 71.68097291636364, 71.68097291636364, 71.68097291636366, 71.68103994181818, 71.68107345454546, 71.68107345454546, 71.68107345454547, 71.68117399272728, 71.68124101818184, 81.92087237818183, 81.92093940363638, 81.92097291636365, 81.92117399272728, 81.92124101818183, 81.92124101818183, 81.92124101818183, 81.92124101818183, 81.92134155636364, 92.1609058909091, 92.1609058909091, 92.1609058909091, 92.1609058909091, 92.16093940363638, 92.16100642909093, 92.16110696727274, 92.16114048000001, 92.16114048000001, 92.16114048000003, 92.16117399272729, 92.1611739927273, 92.16124101818183, 92.1613080436364, 102.40100642909093, 102.40100642909094, 102.4010399418182, 102.4010399418182, 102.40110696727274, 102.40114048000001, 102.40120750545456, 102.40134155636365, 112.64087237818185, 112.64093940363637, 112.64093940363637, 112.64097291636367, 112.6410399418182, 112.64107345454548, 112.64107345454548, 112.64114048000002, 112.64117399272727, 112.64120750545456, 112.64120750545456, 112.64124101818183, 122.88083886545455, 122.88093940363638, 122.88097291636366, 122.88097291636367, 122.88100642909092, 122.8810399418182, 122.88110696727276, 122.88124101818184, 133.12083886545457, 133.12093940363636, 133.12093940363638, 133.12097291636366, 133.12107345454547, 133.12107345454547, 133.12114048, 133.1213080436364, 133.12134155636363, 143.36087237818185, 143.36120750545456, 143.3613415563637, 143.3614085818182, 153.60090589090913, 153.60093940363637, 153.60100642909092, 153.60103994181821, 153.60107345454549, 153.60124101818184, 163.84110696727276, 174.08107345454545, 174.08110696727277, 194.5608053527273, 204.80137506909097, 225.28127453090912, 245.76107345454548]
Max connection times: [102.40157614545456, 102.40191127272729, 102.40191127272729, 102.40191127272729, 102.40191127272729, 204.80023563636368, 204.80023563636368, 204.80023563636368, 204.80057076363641, 204.80057076363641, 204.80057076363641, 204.80090589090915, 204.80090589090915, 204.80090589090915, 204.80090589090915, 204.80090589090915, 204.80090589090915, 204.80124101818186, 204.80124101818186, 204.80124101818186, 204.80124101818186, 204.80124101818186, 204.80124101818186, 204.80124101818186, 204.80124101818186, 204.80124101818186, 204.80124101818186, 204.80124101818186, 204.8015761454546, 204.8015761454546, 204.8015761454546, 204.8015761454546, 204.8015761454546, 204.8015761454546, 204.8015761454546, 204.8015761454546, 204.8015761454546, 204.8015761454546, 204.8015761454546, 204.8015761454546, 204.8015761454546, 204.80191127272732, 204.80191127272732, 204.80191127272732, 204.80191127272732, 204.80191127272732, 204.80191127272732, 204.80191127272732, 204.80191127272732, 204.80191127272732, 204.80191127272732, 204.80191127272732, 204.80191127272732, 204.80191127272732, 204.80191127272732, 204.80191127272732, 204.80191127272732, 204.80191127272732, 204.80191127272732, 204.80191127272732, 204.80191127272732, 307.2002356363637, 307.2005707636364, 307.2005707636364, 307.2005707636364, 307.20090589090916, 307.20090589090916, 307.20090589090916, 307.20090589090916, 307.20090589090916, 307.20090589090916, 307.20124101818186, 307.20124101818186, 307.20124101818186, 307.20124101818186, 307.2015761454546, 307.2015761454546, 307.2015761454546, 307.2015761454546, 307.2015761454546, 307.2015761454546, 307.2015761454546, 307.2015761454546, 307.2015761454546, 307.2015761454546, 307.2015761454546, 307.2015761454546, 307.20191127272733, 307.20191127272733, 307.20191127272733, 307.20191127272733, 307.20191127272733, 307.20191127272733, 307.20191127272733, 307.20191127272733, 409.60090589090913, 409.6015761454546, 409.6019112727273, 409.6019112727273, 614.4019112727271]


Mobile stations: 14
Avg max intervals taken to connect all mobile stations: 4.62 , time:  473.088
Average station time taken to connect: 160.40336611075327
Avg connection times: [87.77250202597403, 87.77259777662339, 87.77264565194807, 95.0866919896104, 95.0868116779221, 95.0868116779221, 95.08683561558442, 109.7153112935065, 109.71531129350652, 117.0295251948052, 117.02962094545457, 117.02966882077924, 117.02978850909093, 117.02981244675327, 117.02981244675327, 124.34378697142859, 124.34383484675327, 124.34390665974027, 124.34390665974028, 124.34390665974028, 124.34395453506495, 124.34400241038963, 124.34407422337664, 124.34407422337665, 131.6580726857143, 131.65812056103897, 131.65814449870132, 131.65824024935068, 131.65824024935068, 131.658264187013, 131.6583120623377, 138.9724062753247, 138.9724062753247, 138.97243021298704, 138.97243021298704, 138.97257383896107, 138.97257383896107, 138.97259777662342, 138.97262171428574, 138.97262171428574, 138.97269352727275, 146.28652442597405, 146.28664411428574, 146.28664411428574, 146.28669198961043, 146.28671592727278, 146.28678774025977, 146.2868116779221, 146.28697924155844, 153.60092982857145, 153.60100164155847, 153.6011452675325, 153.6011452675325, 153.6011452675325, 153.60116920519482, 160.91521554285717, 160.9152394805195, 160.9153112935065, 160.9154788571429, 160.9154788571429, 160.9155027948052, 168.22935763116882, 168.22954913246755, 168.22959700779225, 168.22962094545457, 168.2296688207792, 168.22966882077927, 168.2296927584416, 168.2297166961039, 175.54388272207794, 182.85821631168832, 182.85821631168832, 182.8582881246753, 182.8582881246754, 182.85845568831172, 182.85847962597404, 190.1723344623377, 190.17240627532468, 190.17243021298705, 190.17257383896109, 197.48662017662338, 197.48678774025979, 197.48697924155846, 204.80104951688313, 204.80107345454547, 204.8010734545455, 204.8010973922078, 204.80114526753246, 204.8011692051948, 212.11521554285716, 212.11538310649354, 226.74414603636365, 241.37250202597406, 248.6866441142857, 248.68669198961038, 248.68688349090908, 263.3152634181818, 277.9440742233767, 292.5726217142857, 314.5152394805194]
Max connection times: [204.80191127272732, 204.80191127272732, 204.80191127272732, 204.80191127272732, 204.80191127272732, 204.80191127272732, 204.80191127272732, 307.2002356363637, 307.2005707636364, 307.20090589090916, 307.20090589090916, 307.20090589090916, 307.20090589090916, 307.20090589090916, 307.20124101818186, 307.20124101818186, 307.20124101818186, 307.20124101818186, 307.20124101818186, 307.2015761454546, 307.2015761454546, 307.2015761454546, 307.2015761454546, 307.2015761454546, 307.2015761454546, 307.2015761454546, 307.2015761454546, 307.2015761454546, 307.2015761454546, 307.20191127272733, 307.20191127272733, 307.20191127272733, 307.20191127272733, 307.20191127272733, 307.20191127272733, 307.20191127272733, 307.20191127272733, 307.20191127272733, 307.20191127272733, 307.20191127272733, 307.20191127272733, 307.20191127272733, 307.20191127272733, 307.20191127272733, 307.20191127272733, 307.20191127272733, 307.20191127272733, 307.20191127272733, 307.20191127272733, 307.20191127272733, 307.20191127272733, 307.20191127272733, 409.60023563636366, 409.60023563636366, 409.60057076363637, 409.60057076363637, 409.60057076363637, 409.60090589090913, 409.60090589090913, 409.60090589090913, 409.60090589090913, 409.60090589090913, 409.60090589090913, 409.60090589090913, 409.60124101818184, 409.60124101818184, 409.60124101818184, 409.60124101818184, 409.6015761454546, 409.6015761454546, 409.6015761454546, 409.6015761454546, 409.6019112727273, 409.6019112727273, 409.6019112727273, 409.6019112727273, 409.6019112727273, 409.6019112727273, 409.6019112727273, 409.6019112727273, 409.6019112727273, 409.6019112727273, 409.6019112727273, 409.6019112727273, 512.0002356363635, 512.0009058909089, 512.0012410181818, 512.0012410181818, 512.0012410181818, 512.0015761454545, 512.0015761454545, 512.0019112727272, 512.0019112727272, 512.0019112727272, 512.0019112727272, 512.0019112727272, 614.4002356363635, 614.4015761454544, 614.4019112727271, 716.8012410181817]


Mobile stations: 18
Avg max intervals taken to connect all mobile stations: 5.95 , time:  609.2800000000001
Average station time taken to connect: 228.46685402505062
Avg connection times: [136.53442540606062, 142.22316534949496, 142.22322120404044, 142.22329567676772, 147.91214732929294, 153.60109207272728, 153.6011106909091, 159.28983201616165, 164.97872090505052, 164.97881399595963, 164.97885123232328, 164.9788884686869, 176.35659177373742, 182.04549928080812, 182.04553651717174, 182.04559237171713, 182.04559237171716, 187.73429507878788, 187.73448126060606, 187.73449987878791, 193.42312811313136, 193.42325844040408, 193.42335153131313, 193.42337014949499, 193.42338876767678, 193.4234073858586, 199.11211009292933, 199.11211009292936, 199.11214732929295, 199.11218456565655, 199.1122031838384, 199.1122218020202, 199.11224042020206, 199.11225903838385, 199.11225903838388, 204.80098036363637, 204.8010176, 204.80105483636368, 204.80118516363638, 204.80118516363638, 204.80120378181823, 210.48985063434344, 210.48988787070707, 210.4898878707071, 210.48988787070712, 210.4900181979798, 216.17875814141414, 216.1787953777778, 216.17886985050507, 216.17894432323232, 221.86757255757578, 221.8676842666667, 221.8676842666667, 221.86781459393939, 221.86794492121214, 227.5566662464647, 227.55679657373742, 233.24546204444445, 233.24559237171718, 238.93433231515155, 238.93435093333335, 238.93436955151518, 238.9344067878788, 238.93448126060608, 238.93449987878785, 238.9344998787879, 244.62323982222222, 244.62331429494952, 244.62333291313132, 244.62337014949495, 244.6234260040404, 250.31214732929297, 250.31216594747477, 256.00109207272726, 256.00122239999996, 261.68994372525253, 273.06774012121207, 273.0679076848485, 278.75644282828284, 278.7566476282828, 278.75664762828285, 284.4453317171717, 284.44544342626267, 284.44549928080806, 284.44549928080806, 284.4455365171718, 290.13423922424244, 290.13444402424244, 290.13461158787874, 295.82322120404046, 301.51214732929293, 301.5121845656565, 301.512240420202, 312.8901299070707, 318.57868366868684, 318.5787953777778, 329.9566476282828, 352.71220318383837, 358.40109207272724, 375.46783321212115]
Max connection times: [307.2015761454546, 307.2015761454546, 409.60057076363637, 409.60090589090913, 409.60090589090913, 409.60090589090913, 409.60090589090913, 409.60090589090913, 409.60090589090913, 409.60124101818184, 409.60124101818184, 409.60124101818184, 409.60124101818184, 409.60124101818184, 409.60124101818184, 409.60124101818184, 409.60124101818184, 409.6015761454546, 409.6015761454546, 409.6015761454546, 409.6015761454546, 409.6015761454546, 409.6015761454546, 409.6019112727273, 409.6019112727273, 409.6019112727273, 409.6019112727273, 409.6019112727273, 409.6019112727273, 409.6019112727273, 409.6019112727273, 409.6019112727273, 409.6019112727273, 409.6019112727273, 409.6019112727273, 409.6019112727273, 409.6019112727273, 512.0002356363635, 512.0005707636362, 512.0005707636362, 512.0005707636362, 512.0009058909089, 512.0009058909089, 512.0009058909089, 512.0009058909089, 512.0009058909089, 512.0012410181818, 512.0012410181818, 512.0012410181818, 512.0012410181818, 512.0012410181818, 512.0015761454545, 512.0015761454545, 512.0015761454545, 512.0015761454545, 512.0015761454545, 512.0015761454545, 512.0015761454545, 512.0015761454545, 512.0015761454545, 512.0015761454545, 512.0015761454545, 512.0019112727272, 512.0019112727272, 512.0019112727272, 512.0019112727272, 512.0019112727272, 512.0019112727272, 512.0019112727272, 512.0019112727272, 512.0019112727272, 512.0019112727272, 512.0019112727272, 512.0019112727272, 512.0019112727272, 614.4002356363635, 614.4002356363635, 614.4005707636362, 614.4005707636362, 614.4009058909089, 614.4009058909089, 614.4009058909089, 614.4009058909089, 614.4012410181817, 614.4012410181817, 614.4012410181817, 614.4012410181817, 614.4012410181817, 614.4015761454544, 614.4015761454544, 614.4015761454544, 614.4015761454544, 614.4019112727271, 716.8009058909089, 716.8012410181817, 716.8012410181817, 716.8015761454544, 716.8019112727271, 819.2005707636362, 819.2019112727271]
