AP position [-4.56, -1.29, 0.0]
AP sectors 12
Mob sectors: 4
Sls slots: 6


Mobile stations: 1
Avg max intervals taken to connect all mobile stations: 1.0 , time:  102.4
Average station time taken to connect: 0.0011136698181818184
Avg connection times: [0.00023563636363636362, 0.00023563636363636362, 0.00023563636363636362, 0.00023563636363636362, 0.00023563636363636362, 0.00023563636363636362, 0.00023563636363636362, 0.00023563636363636362, 0.00023563636363636362, 0.00023563636363636362, 0.00023563636363636362, 0.00023563636363636362, 0.00023563636363636362, 0.00023563636363636362, 0.0005707636363636364, 0.0005707636363636364, 0.0005707636363636364, 0.0005707636363636364, 0.0005707636363636364, 0.0005707636363636364, 0.0005707636363636364, 0.0005707636363636364, 0.0005707636363636364, 0.0005707636363636364, 0.0005707636363636364, 0.0005707636363636364, 0.0005707636363636364, 0.0005707636363636364, 0.0005707636363636364, 0.0005707636363636364, 0.0005707636363636364, 0.0005707636363636364, 0.0009058909090909091, 0.0009058909090909091, 0.0009058909090909091, 0.0009058909090909091, 0.0009058909090909091, 0.0009058909090909091, 0.0009058909090909091, 0.0009058909090909091, 0.0009058909090909091, 0.0009058909090909091, 0.0009058909090909091, 0.0009058909090909091, 0.0009058909090909091, 0.0009058909090909091, 0.0009058909090909091, 0.0009058909090909091, 0.0009058909090909091, 0.0009058909090909091, 0.0012410181818181818, 0.0012410181818181818, 0.0012410181818181818, 0.0012410181818181818, 0.0012410181818181818, 0.0012410181818181818, 0.0012410181818181818, 0.0012410181818181818, 0.0012410181818181818, 0.0012410181818181818, 0.0012410181818181818, 0.0012410181818181818, 0.0012410181818181818, 0.0012410181818181818, 0.0015761454545454546, 0.0015761454545454546, 0.0015761454545454546, 0.0015761454545454546, 0.0015761454545454546, 0.0015761454545454546, 0.0015761454545454546, 0.0015761454545454546, 0.0015761454545454546, 0.0015761454545454546, 0.0015761454545454546, 0.0015761454545454546, 0.0015761454545454546, 0.0015761454545454546, 0.0019112727272727274, 0.0019112727272727274, 0.0019112727272727274, 0.0019112727272727274, 0.0019112727272727274, 0.0019112727272727274, 0.0019112727272727274, 0.0019112727272727274, 0.0019112727272727274, 0.0019112727272727274, 0.0019112727272727274, 0.0019112727272727274, 0.0019112727272727274, 0.0019112727272727274, 0.0019112727272727274, 0.0019112727272727274, 0.0019112727272727274, 0.0019112727272727274, 0.0019112727272727274, 0.0019112727272727274, 0.0019112727272727274, 0.0019112727272727274]
Max connection times: [0.00023563636363636362, 0.00023563636363636362, 0.00023563636363636362, 0.00023563636363636362, 0.00023563636363636362, 0.00023563636363636362, 0.00023563636363636362, 0.00023563636363636362, 0.00023563636363636362, 0.00023563636363636362, 0.00023563636363636362, 0.00023563636363636362, 0.00023563636363636362, 0.00023563636363636362, 0.0005707636363636364, 0.0005707636363636364, 0.0005707636363636364, 0.0005707636363636364, 0.0005707636363636364, 0.0005707636363636364, 0.0005707636363636364, 0.0005707636363636364, 0.0005707636363636364, 0.0005707636363636364, 0.0005707636363636364, 0.0005707636363636364, 0.0005707636363636364, 0.0005707636363636364, 0.0005707636363636364, 0.0005707636363636364, 0.0005707636363636364, 0.0005707636363636364, 0.0009058909090909091, 0.0009058909090909091, 0.0009058909090909091, 0.0009058909090909091, 0.0009058909090909091, 0.0009058909090909091, 0.0009058909090909091, 0.0009058909090909091, 0.0009058909090909091, 0.0009058909090909091, 0.0009058909090909091, 0.0009058909090909091, 0.0009058909090909091, 0.0009058909090909091, 0.0009058909090909091, 0.0009058909090909091, 0.0009058909090909091, 0.0009058909090909091, 0.0012410181818181818, 0.0012410181818181818, 0.0012410181818181818, 0.0012410181818181818, 0.0012410181818181818, 0.0012410181818181818, 0.0012410181818181818, 0.0012410181818181818, 0.0012410181818181818, 0.0012410181818181818, 0.0012410181818181818, 0.0012410181818181818, 0.0012410181818181818, 0.0012410181818181818, 0.0015761454545454546, 0.0015761454545454546, 0.0015761454545454546, 0.0015761454545454546, 0.0015761454545454546, 0.0015761454545454546, 0.0015761454545454546, 0.0015761454545454546, 0.0015761454545454546, 0.0015761454545454546, 0.0015761454545454546, 0.0015761454545454546, 0.0015761454545454546, 0.0015761454545454546, 0.0019112727272727274, 0.0019112727272727274, 0.0019112727272727274, 0.0019112727272727274, 0.0019112727272727274, 0.0019112727272727274, 0.0019112727272727274, 0.0019112727272727274, 0.0019112727272727274, 0.0019112727272727274, 0.0019112727272727274, 0.0019112727272727274, 0.0019112727272727274, 0.0019112727272727274, 0.0019112727272727274, 0.0019112727272727274, 0.0019112727272727274, 0.0019112727272727274, 0.0019112727272727274, 0.0019112727272727274, 0.0019112727272727274, 0.0019112727272727274]


Mobile stations: 2
Avg max intervals taken to connect all mobile stations: 1.17 , time:  119.80799999999999
Average station time taken to connect: 12.289108642909094
Avg connection times: [0.00040320000000000004, 0.00040320000000000004, 0.0005707636363636363, 0.0005707636363636363, 0.0005707636363636363, 0.0005707636363636363, 0.0007383272727272727, 0.0007383272727272727, 0.0007383272727272727, 0.0007383272727272727, 0.0007383272727272727, 0.0007383272727272728, 0.0007383272727272728, 0.0007383272727272728, 0.0007383272727272728, 0.0007383272727272728, 0.0009058909090909091, 0.0009058909090909091, 0.0009058909090909091, 0.0009058909090909091, 0.0009058909090909091, 0.0009058909090909091, 0.0009058909090909091, 0.0009058909090909091, 0.0009058909090909091, 0.0009058909090909091, 0.0009058909090909091, 0.0009058909090909091, 0.0009058909090909091, 0.0009058909090909091, 0.0009058909090909091, 0.0009058909090909091, 0.0010734545454545454, 0.0010734545454545454, 0.0010734545454545454, 0.0010734545454545454, 0.0010734545454545454, 0.0010734545454545454, 0.0010734545454545454, 0.0010734545454545454, 0.0010734545454545454, 0.0010734545454545454, 0.0010734545454545454, 0.0010734545454545454, 0.0010734545454545454, 0.0010734545454545454, 0.0010734545454545454, 0.0010734545454545454, 0.0012410181818181818, 0.0012410181818181818, 0.0012410181818181818, 0.0012410181818181818, 0.001241018181818182, 0.001241018181818182, 0.001241018181818182, 0.001241018181818182, 0.001241018181818182, 0.001241018181818182, 0.001241018181818182, 0.001241018181818182, 0.001241018181818182, 0.001241018181818182, 0.0014085818181818182, 0.0014085818181818182, 0.0014085818181818182, 0.0014085818181818182, 0.0014085818181818182, 0.0014085818181818182, 0.0014085818181818182, 0.0014085818181818182, 0.0014085818181818182, 0.0014085818181818182, 0.0015761454545454546, 0.0015761454545454546, 0.0015761454545454546, 0.0015761454545454546, 0.0015761454545454546, 0.0015761454545454546, 0.0015761454545454546, 0.0015761454545454546, 0.0015761454545454546, 0.001743709090909091, 0.001743709090909091, 0.001743709090909091, 51.20057076363637, 51.20073832727273, 51.2009058909091, 51.201073454545465, 51.201073454545465, 51.201241018181825, 51.201241018181825, 51.201241018181825, 51.201241018181825, 51.20157614545455, 102.40040320000001, 102.40073832727273, 102.4014085818182, 102.40157614545456, 102.40174370909092, 204.8010734545455]
Max connection times: [0.0005707636363636364, 0.0005707636363636364, 0.0009058909090909091, 0.0009058909090909091, 0.0009058909090909091, 0.0009058909090909091, 0.0009058909090909091, 0.0009058909090909091, 0.0009058909090909091, 0.0009058909090909091, 0.0009058909090909091, 0.0012410181818181818, 0.0012410181818181818, 0.0012410181818181818, 0.0012410181818181818, 0.0012410181818181818, 0.0012410181818181818, 0.0012410181818181818, 0.0012410181818181818, 0.0012410181818181818, 0.0012410181818181818, 0.0012410181818181818, 0.0012410181818181818, 0.0012410181818181818, 0.0012410181818181818, 0.0012410181818181818, 0.0012410181818181818, 0.0012410181818181818, 0.0012410181818181818, 0.0015761454545454546, 0.0015761454545454546, 0.0015761454545454546, 0.0015761454545454546, 0.0015761454545454546, 0.0015761454545454546, 0.0015761454545454546, 0.0015761454545454546, 0.0015761454545454546, 0.0015761454545454546, 0.0015761454545454546, 0.0015761454545454546, 0.0015761454545454546, 0.0015761454545454546, 0.0015761454545454546, 0.0015761454545454546, 0.0015761454545454546, 0.0015761454545454546, 0.0015761454545454546, 0.0015761454545454546, 0.0015761454545454546, 0.0015761454545454546, 0.0015761454545454546, 0.0019112727272727274, 0.0019112727272727274, 0.0019112727272727274, 0.0019112727272727274, 0.0019112727272727274, 0.0019112727272727274, 0.0019112727272727274, 0.0019112727272727274, 0.0019112727272727274, 0.0019112727272727274, 0.0019112727272727274, 0.0019112727272727274, 0.0019112727272727274, 0.0019112727272727274, 0.0019112727272727274, 0.0019112727272727274, 0.0019112727272727274, 0.0019112727272727274, 0.0019112727272727274, 0.0019112727272727274, 0.0019112727272727274, 0.0019112727272727274, 0.0019112727272727274, 0.0019112727272727274, 0.0019112727272727274, 0.0019112727272727274, 0.0019112727272727274, 0.0019112727272727274, 0.0019112727272727274, 0.0019112727272727274, 0.0019112727272727274, 0.0019112727272727274, 102.40023563636365, 102.40057076363638, 102.40057076363638, 102.40057076363638, 102.40057076363638, 102.40124101818184, 102.40124101818184, 102.40124101818184, 102.40124101818184, 102.40124101818184, 102.40157614545456, 102.40157614545456, 102.40191127272729, 102.40191127272729, 102.40191127272729, 204.8015761454546]


Mobile stations: 4
Avg max intervals taken to connect all mobile stations: 1.79 , time:  183.29600000000002
Average station time taken to connect: 34.56109523781817
Avg connection times: [0.0007383272727272728, 0.0007383272727272728, 0.0008221090909090909, 0.000905890909090909, 0.0009058909090909092, 0.0009896727272727273, 0.0009896727272727273, 0.0009896727272727273, 0.0010734545454545454, 0.0010734545454545454, 0.0010734545454545456, 0.0010734545454545456, 0.0010734545454545456, 0.0011572363636363637, 0.0011572363636363637, 0.0011572363636363637, 0.0011572363636363637, 0.0011572363636363637, 0.0011572363636363637, 0.0011572363636363637, 0.0011572363636363637, 0.0012410181818181818, 0.0012410181818181818, 0.001241018181818182, 0.001241018181818182, 0.0013248000000000001, 0.0013248000000000001, 0.0013248000000000001, 0.0013248000000000001, 0.0014085818181818182, 0.0014085818181818182, 25.60065454545455, 25.60073832727273, 25.60073832727273, 25.600738327272733, 25.600822109090913, 25.600822109090913, 25.600905890909097, 25.600989672727277, 25.600989672727277, 25.601073454545457, 25.601073454545457, 25.601073454545457, 25.60115723636364, 25.60115723636364, 25.60115723636364, 25.60115723636364, 25.60115723636364, 25.60115723636364, 25.60115723636364, 25.60115723636364, 25.601324800000004, 25.601324800000004, 25.601324800000004, 25.601324800000004, 25.601324800000004, 25.601408581818184, 25.601408581818184, 25.601408581818184, 25.601408581818184, 25.601408581818184, 51.20048698181819, 51.200654545454555, 51.20073832727273, 51.2009058909091, 51.2009058909091, 51.2009058909091, 51.2009058909091, 51.2009058909091, 51.200989672727275, 51.200989672727275, 51.200989672727275, 51.20098967272728, 51.201073454545465, 51.201073454545465, 51.20115723636364, 51.20115723636364, 51.20115723636364, 51.20132480000001, 51.20132480000001, 51.20132480000001, 51.20132480000001, 51.201408581818185, 51.201408581818185, 51.20157614545455, 76.80040320000002, 76.80082210909092, 76.80082210909092, 76.80090589090909, 76.80098967272728, 76.80107345454546, 76.80107345454547, 76.80149236363638, 102.40065454545456, 102.40124101818185, 102.40132480000003, 102.4014085818182, 128.00115723636367, 128.00115723636367, 179.2009896727273]
Max connection times: [0.0012410181818181818, 0.0012410181818181818, 0.0015761454545454546, 0.0015761454545454546, 0.0015761454545454546, 0.0015761454545454546, 0.0015761454545454546, 0.0019112727272727274, 0.0019112727272727274, 0.0019112727272727274, 0.0019112727272727274, 0.0019112727272727274, 0.0019112727272727274, 0.0019112727272727274, 0.0019112727272727274, 0.0019112727272727274, 0.0019112727272727274, 0.0019112727272727274, 0.0019112727272727274, 0.0019112727272727274, 0.0019112727272727274, 0.0019112727272727274, 0.0019112727272727274, 0.0019112727272727274, 0.0019112727272727274, 0.0019112727272727274, 0.0019112727272727274, 0.0019112727272727274, 0.0019112727272727274, 0.0019112727272727274, 0.0019112727272727274, 102.40023563636365, 102.40023563636365, 102.40023563636365, 102.40023563636365, 102.40023563636365, 102.40057076363638, 102.40057076363638, 102.40057076363638, 102.40057076363638, 102.4009058909091, 102.4009058909091, 102.4009058909091, 102.4009058909091, 102.4009058909091, 102.4009058909091, 102.4009058909091, 102.4009058909091, 102.4009058909091, 102.4009058909091, 102.40124101818184, 102.40124101818184, 102.40124101818184, 102.40124101818184, 102.40124101818184, 102.40124101818184, 102.40124101818184, 102.40157614545456, 102.40157614545456, 102.40157614545456, 102.40157614545456, 102.40157614545456, 102.40157614545456, 102.40157614545456, 102.40157614545456, 102.40157614545456, 102.40157614545456, 102.40157614545456, 102.40157614545456, 102.40157614545456, 102.40157614545456, 102.40157614545456, 102.40157614545456, 102.40157614545456, 102.40191127272729, 102.40191127272729, 102.40191127272729, 102.40191127272729, 102.40191127272729, 102.40191127272729, 102.40191127272729, 102.40191127272729, 102.40191127272729, 102.40191127272729, 102.40191127272729, 102.40191127272729, 102.40191127272729, 102.40191127272729, 102.40191127272729, 102.40191127272729, 102.40191127272729, 204.80023563636368, 204.80057076363641, 204.80124101818186, 204.80124101818186, 204.80124101818186, 204.80124101818186, 204.80124101818186, 204.80124101818186, 307.20124101818186]


Mobile stations: 6
Avg max intervals taken to connect all mobile stations: 2.27 , time:  232.448
Average station time taken to connect: 48.98239561696972
Avg connection times: [0.0010734545454545456, 0.0010734545454545456, 0.0010734545454545456, 0.0010734545454545456, 17.06746084848485, 17.067516703030304, 17.067516703030304, 17.067516703030304, 17.06757255757576, 17.067628412121213, 17.067628412121213, 17.067628412121213, 17.067628412121213, 17.067684266666667, 17.06768426666667, 17.067740121212122, 17.067740121212122, 17.067740121212122, 17.067740121212122, 17.067795975757576, 17.06779597575758, 17.067907684848485, 17.06790768484849, 17.06796353939394, 17.06796353939394, 34.13395995151516, 34.13407166060606, 34.13418336969698, 34.13418336969698, 34.13423922424243, 34.13423922424243, 34.13423922424243, 34.13423922424243, 34.13423922424243, 34.13429507878788, 34.134295078787886, 34.13435093333334, 34.13435093333334, 34.13440678787879, 34.134406787878795, 34.134406787878795, 34.134406787878795, 34.134462642424246, 34.134462642424246, 34.134462642424246, 34.134462642424246, 34.1345184969697, 34.1345184969697, 34.1345184969697, 34.13463020606061, 34.134686060606064, 34.13474191515152, 51.20085003636365, 51.20085003636365, 51.2009058909091, 51.2009058909091, 51.20096174545455, 51.200961745454556, 51.2010176, 51.2010176, 51.20107345454546, 51.20107345454547, 51.20112930909092, 51.20112930909092, 51.20112930909092, 51.201185163636374, 51.201185163636374, 51.201241018181825, 51.201241018181825, 51.20129687272728, 68.26729328484849, 68.26757255757578, 68.26762841212121, 68.26762841212121, 68.26762841212123, 68.26762841212123, 68.26768426666668, 68.26785183030304, 68.26785183030304, 68.2679076848485, 68.26796353939396, 68.26813110303031, 68.26824281212123, 85.33423922424242, 85.33440678787879, 85.33440678787882, 85.33446264242427, 85.33457435151517, 85.33457435151517, 85.33468606060609, 102.40062661818183, 102.4009058909091, 102.4009058909091, 102.40124101818184, 102.40124101818185, 119.46774012121212, 119.4679076848485, 119.46807524848487, 136.53423922424244, 204.80112930909095]
Max connection times: [0.0019112727272727274, 0.0019112727272727274, 0.0019112727272727274, 0.0019112727272727274, 102.40023563636365, 102.40023563636365, 102.40023563636365, 102.40023563636365, 102.40023563636365, 102.40023563636365, 102.40057076363638, 102.40057076363638, 102.40057076363638, 102.40057076363638, 102.40057076363638, 102.40057076363638, 102.40057076363638, 102.4009058909091, 102.4009058909091, 102.4009058909091, 102.4009058909091, 102.4009058909091, 102.4009058909091, 102.4009058909091, 102.4009058909091, 102.4009058909091, 102.4009058909091, 102.40124101818184, 102.40124101818184, 102.40124101818184, 102.40124101818184, 102.40124101818184, 102.40124101818184, 102.40124101818184, 102.40124101818184, 102.40124101818184, 102.40124101818184, 102.40124101818184, 102.40124101818184, 102.40157614545456, 102.40157614545456, 102.40157614545456, 102.40157614545456, 102.40157614545456, 102.40157614545456, 102.40157614545456, 102.40157614545456, 102.40157614545456, 102.40157614545456, 102.40157614545456, 102.40157614545456, 102.40157614545456, 102.40157614545456, 102.40157614545456, 102.40157614545456, 102.40191127272729, 102.40191127272729, 102.40191127272729, 102.40191127272729, 102.40191127272729, 102.40191127272729, 102.40191127272729, 102.40191127272729, 102.40191127272729, 102.40191127272729, 102.40191127272729, 102.40191127272729, 102.40191127272729, 102.40191127272729, 102.40191127272729, 102.40191127272729, 102.40191127272729, 102.40191127272729, 102.40191127272729, 204.80023563636368, 204.80023563636368, 204.80057076363641, 204.80057076363641, 204.80090589090915, 204.80090589090915, 204.80090589090915, 204.80090589090915, 204.80090589090915, 204.80124101818186, 204.8015761454546, 204.8015761454546, 204.8015761454546, 204.8015761454546, 204.8015761454546, 204.8015761454546, 204.80191127272732, 204.80191127272732, 204.80191127272732, 204.80191127272732, 204.80191127272732, 204.80191127272732, 307.2002356363637, 307.20124101818186, 307.20191127272733, 409.6015761454546]


Mobile stations: 10
Avg max intervals taken to connect all mobile stations: 3.4 , time:  348.16
Average station time taken to connect: 104.75627010327271
Avg connection times: [40.961140480000005, 51.20093940363637, 51.20093940363637, 51.201039941818195, 51.20114048000001, 51.201173992727284, 51.201173992727284, 51.201207505454555, 61.44090589090911, 61.44093940363638, 61.44093940363638, 61.44093940363638, 61.44093940363638, 61.44100642909092, 61.441073454545474, 61.44110696727273, 61.44114048, 71.6810399418182, 71.68107345454547, 71.68110696727274, 71.68114048000002, 71.68117399272728, 71.6811739927273, 71.68124101818184, 71.6812745309091, 81.92087237818183, 81.92093940363638, 81.92100642909092, 81.92100642909092, 81.92103994181818, 81.92107345454546, 81.92110696727273, 81.92110696727275, 81.92110696727275, 81.92114048000002, 81.92117399272729, 81.92124101818183, 92.1609058909091, 92.16097291636365, 92.16100642909092, 92.1610399418182, 92.1610399418182, 92.16107345454547, 92.16114048000001, 92.16120750545456, 92.16120750545456, 102.40097291636364, 102.40100642909093, 102.40100642909093, 102.40100642909093, 102.40107345454548, 102.40110696727274, 102.40114048000002, 102.40124101818182, 102.40124101818182, 102.40140858181819, 112.64090589090911, 112.64100642909094, 112.64100642909094, 112.64100642909094, 112.64100642909094, 112.64107345454548, 112.64110696727273, 112.64110696727275, 112.64120750545457, 112.64124101818183, 112.64127453090912, 112.64134155636366, 122.88077184000004, 122.88083886545458, 122.88090589090912, 122.88097291636363, 122.88100642909095, 122.88110696727274, 122.88120750545457, 133.12110696727274, 133.12134155636366, 143.36090589090912, 143.36107345454548, 143.36114048000002, 143.36114048000005, 143.3611739927273, 143.3611739927273, 143.3611739927273, 143.3612075054546, 153.60077184000005, 153.60083886545456, 153.60090589090913, 153.60097291636367, 153.60107345454549, 153.60107345454549, 153.60110696727276, 153.60114048000005, 163.8410399418182, 163.84103994181822, 174.0809394036364, 174.08107345454547, 184.32073832727275, 194.56120750545455, 204.80097291636366]
Max connection times: [102.40157614545456, 102.40191127272729, 102.40191127272729, 102.40191127272729, 102.40191127272729, 102.40191127272729, 102.40191127272729, 204.80023563636368, 204.80057076363641, 204.80057076363641, 204.80057076363641, 204.80057076363641, 204.80090589090915, 204.80090589090915, 204.80090589090915, 204.80090589090915, 204.80090589090915, 204.80124101818186, 204.80124101818186, 204.80124101818186, 204.80124101818186, 204.80124101818186, 204.80124101818186, 204.80124101818186, 204.80124101818186, 204.80124101818186, 204.80124101818186, 204.8015761454546, 204.8015761454546, 204.8015761454546, 204.8015761454546, 204.8015761454546, 204.8015761454546, 204.8015761454546, 204.8015761454546, 204.8015761454546, 204.8015761454546, 204.80191127272732, 204.80191127272732, 204.80191127272732, 204.80191127272732, 204.80191127272732, 204.80191127272732, 204.80191127272732, 204.80191127272732, 204.80191127272732, 204.80191127272732, 204.80191127272732, 204.80191127272732, 204.80191127272732, 204.80191127272732, 204.80191127272732, 204.80191127272732, 204.80191127272732, 204.80191127272732, 204.80191127272732, 204.80191127272732, 307.2002356363637, 307.2002356363637, 307.2005707636364, 307.2005707636364, 307.2005707636364, 307.20090589090916, 307.20090589090916, 307.20090589090916, 307.20090589090916, 307.20090589090916, 307.20090589090916, 307.20124101818186, 307.20124101818186, 307.20124101818186, 307.20124101818186, 307.20124101818186, 307.20124101818186, 307.20124101818186, 307.20124101818186, 307.20124101818186, 307.2015761454546, 307.2015761454546, 307.2015761454546, 307.2015761454546, 307.2015761454546, 307.2015761454546, 307.2015761454546, 307.2015761454546, 307.2015761454546, 307.20191127272733, 307.20191127272733, 307.20191127272733, 307.20191127272733, 307.20191127272733, 307.20191127272733, 307.20191127272733, 307.20191127272733, 307.20191127272733, 307.20191127272733, 409.60090589090913, 409.60124101818184, 409.6019112727273, 409.6019112727273]


Mobile stations: 14
Avg max intervals taken to connect all mobile stations: 4.53 , time:  463.87200000000007
Average station time taken to connect: 158.35535964758438
Avg connection times: [87.77252596363637, 95.08662017662338, 95.0866919896104, 95.08690742857144, 102.40090589090912, 102.40107345454547, 109.7153112935065, 109.71533523116885, 109.7153591688312, 109.7153591688312, 109.71545491948054, 109.71545491948054, 109.71545491948054, 117.02954913246755, 117.02954913246757, 117.02962094545455, 117.02966882077926, 117.02971669610392, 117.02981244675327, 124.34373909610392, 124.3437869714286, 124.34385878441562, 124.34388272207795, 124.34390665974027, 124.34397847272729, 124.34400241038963, 124.34400241038963, 131.65809662337665, 131.65809662337665, 131.65814449870132, 131.65814449870132, 131.65816843636364, 131.658264187013, 131.65826418701303, 131.65835993766237, 138.9724062753247, 138.9724062753247, 138.97240627532472, 138.9724780883117, 138.97252596363637, 138.9725259636364, 138.97254990129872, 138.97254990129872, 146.2867398649351, 146.28676380259745, 146.28678774025977, 146.28688349090908, 146.28690742857142, 153.6009058909091, 153.60095376623377, 153.60097770389612, 153.60097770389615, 153.60107345454549, 153.6010973922078, 153.60112132987015, 153.60114526753247, 153.60116920519482, 153.60121708051952, 160.91516766753247, 160.91519160519485, 160.91552673246755, 160.9155506701299, 168.22947731948054, 168.2295730701299, 168.22969275844156, 168.22974063376628, 168.2297645714286, 168.22995607272733, 175.54383484675327, 175.5439305974026, 175.54395453506498, 175.5439784727273, 182.85816843636366, 182.85816843636366, 182.85821631168832, 182.85824024935064, 182.85828812467534, 182.85840781298702, 190.1724780883117, 190.17252596363642, 190.17281321558443, 197.48685955324677, 197.4868834909091, 197.48688349090915, 204.8009777038961, 204.8010255792208, 204.80102557922083, 204.8010495168831, 212.11519160519484, 212.1154309818182, 212.11545491948053, 226.74373909610395, 226.74388272207793, 226.74395453506494, 248.68685955324676, 256.00085801558447, 256.00102557922077, 270.6297166961039, 277.94390665974026, 299.8869553038961]
Max connection times: [204.80124101818186, 204.8015761454546, 204.80191127272732, 204.80191127272732, 204.80191127272732, 204.80191127272732, 204.80191127272732, 307.2002356363637, 307.2002356363637, 307.2005707636364, 307.2005707636364, 307.20090589090916, 307.20090589090916, 307.20124101818186, 307.20124101818186, 307.20124101818186, 307.20124101818186, 307.20124101818186, 307.2015761454546, 307.2015761454546, 307.2015761454546, 307.2015761454546, 307.2015761454546, 307.2015761454546, 307.2015761454546, 307.2015761454546, 307.2015761454546, 307.2015761454546, 307.2015761454546, 307.2015761454546, 307.20191127272733, 307.20191127272733, 307.20191127272733, 307.20191127272733, 307.20191127272733, 307.20191127272733, 307.20191127272733, 307.20191127272733, 307.20191127272733, 307.20191127272733, 307.20191127272733, 307.20191127272733, 307.20191127272733, 307.20191127272733, 307.20191127272733, 307.20191127272733, 307.20191127272733, 307.20191127272733, 307.20191127272733, 307.20191127272733, 409.60023563636366, 409.60057076363637, 409.60057076363637, 409.60057076363637, 409.60057076363637, 409.60090589090913, 409.60090589090913, 409.60090589090913, 409.60090589090913, 409.60090589090913, 409.60090589090913, 409.60124101818184, 409.60124101818184, 409.60124101818184, 409.60124101818184, 409.60124101818184, 409.60124101818184, 409.60124101818184, 409.60124101818184, 409.60124101818184, 409.60124101818184, 409.6015761454546, 409.6015761454546, 409.6015761454546, 409.6015761454546, 409.6015761454546, 409.6015761454546, 409.6015761454546, 409.6015761454546, 409.6015761454546, 409.6015761454546, 409.6019112727273, 409.6019112727273, 409.6019112727273, 409.6019112727273, 409.6019112727273, 409.6019112727273, 409.6019112727273, 409.6019112727273, 409.6019112727273, 512.0005707636362, 512.0012410181818, 512.0012410181818, 512.0012410181818, 512.0019112727272, 512.0019112727272, 512.0019112727272, 512.0019112727272, 512.0019112727272, 512.0019112727272]


Mobile stations: 18
Avg max intervals taken to connect all mobile stations: 5.76 , time:  589.824
Average station time taken to connect: 220.10417153292937
Avg connection times: [130.8455178989899, 130.84551789898993, 136.5344067878788, 142.2232025858586, 142.22323982222224, 147.9121659474748, 147.9121845656566, 147.91225903838387, 153.60103621818183, 153.60109207272728, 153.6011293090909, 159.28990648888893, 164.97879537777783, 170.667553939394, 170.6676842666667, 170.66774012121218, 170.66783321212122, 170.66783321212125, 170.66787044848485, 170.6678890666667, 170.6679076848485, 176.3566103919192, 182.04546204444443, 182.0454992808081, 182.04555513535354, 182.04568546262627, 187.7342950787879, 187.7345184969697, 187.73463020606064, 193.42327705858588, 193.42327705858588, 193.42333291313136, 193.42344462222223, 199.1119797656566, 199.11212871111113, 199.11212871111113, 199.11212871111113, 204.80103621818182, 204.80103621818185, 204.80105483636365, 204.80105483636368, 204.80112930909092, 210.48983201616164, 210.48996234343437, 210.49003681616156, 216.17870228686868, 216.1787953777778, 216.17879537777785, 216.17886985050504, 216.17892570505057, 221.8676842666667, 221.86770288484848, 221.8677028848485, 221.86783321212124, 227.55648006464648, 227.55659177373732, 227.55677795555553, 233.24533171717172, 233.24544342626257, 233.24546204444445, 233.24546204444445, 233.24555513535356, 233.24555513535358, 233.24562960808078, 233.24562960808078, 238.9343136969697, 238.9343323151515, 238.93436955151518, 238.93438816969697, 238.93446264242422, 238.93446264242428, 238.9344998787879, 244.62310949494952, 244.62323982222222, 244.62333291313132, 244.62337014949495, 250.31207285656566, 250.3121100929293, 250.3122031838384, 250.3122218020202, 256.0010362181818, 256.0010362181818, 261.689794779798, 261.68986925252534, 261.689999579798, 261.69007405252523, 267.37885123232326, 267.37888846868685, 273.0676284121212, 273.067647030303, 273.067851830303, 273.0678890666666, 278.75653591919195, 307.2009245090909, 329.9565545373737, 341.3342578424242, 347.0231467313131, 352.71205423838376, 352.71207285656567, 375.46775873939396]
Max connection times: [307.2015761454546, 307.2015761454546, 307.2015761454546, 307.20191127272733, 307.20191127272733, 409.60023563636366, 409.60057076363637, 409.60057076363637, 409.60057076363637, 409.60057076363637, 409.60090589090913, 409.60090589090913, 409.60090589090913, 409.60090589090913, 409.60090589090913, 409.60124101818184, 409.60124101818184, 409.6015761454546, 409.6015761454546, 409.6015761454546, 409.6015761454546, 409.6019112727273, 409.6019112727273, 409.6019112727273, 409.6019112727273, 409.6019112727273, 409.6019112727273, 409.6019112727273, 409.6019112727273, 409.6019112727273, 409.6019112727273, 409.6019112727273, 409.6019112727273, 409.6019112727273, 409.6019112727273, 409.6019112727273, 409.6019112727273, 409.6019112727273, 409.6019112727273, 512.0002356363635, 512.0002356363635, 512.0005707636362, 512.0005707636362, 512.0005707636362, 512.0005707636362, 512.0005707636362, 512.0005707636362, 512.0009058909089, 512.0009058909089, 512.0009058909089, 512.0012410181818, 512.0012410181818, 512.0012410181818, 512.0012410181818, 512.0012410181818, 512.0012410181818, 512.0012410181818, 512.0012410181818, 512.0012410181818, 512.0012410181818, 512.0012410181818, 512.0012410181818, 512.0012410181818, 512.0012410181818, 512.0015761454545, 512.0015761454545, 512.0015761454545, 512.0015761454545, 512.0015761454545, 512.0015761454545, 512.0015761454545, 512.0015761454545, 512.0015761454545, 512.0015761454545, 512.0019112727272, 512.0019112727272, 512.0019112727272, 512.0019112727272, 512.0019112727272, 512.0019112727272, 512.0019112727272, 512.0019112727272, 512.0019112727272, 614.4002356363635, 614.4009058909089, 614.4009058909089, 614.4012410181817, 614.4015761454544, 614.4015761454544, 614.4015761454544, 614.4015761454544, 614.4019112727271, 614.4019112727271, 614.4019112727271, 614.4019112727271, 614.4019112727271, 614.4019112727271, 716.8015761454544, 716.8019112727271, 716.8019112727271]